No_gen, Best, MQ, No_clus, max_clus, min_clus
0,0.9396952115335506,1.0364372469635628,3,8,8
1,0.949903500817741,1.0172040603075083,10,3,2
2,1.1241322010923092,1.2361184792219273,10,3,2
3,1.1241322010923092,1.2361184792219273,10,3,2
4,1.1241322010923092,1.2361184792219273,10,3,2
5,1.1241322010923092,1.2361184792219273,10,3,2
6,1.1241322010923092,1.2361184792219273,10,3,2
7,1.1241322010923092,1.2361184792219273,10,3,2
8,1.1241322010923092,1.2361184792219273,10,3,2
9,1.1241322010923092,1.2361184792219273,10,3,2
10,1.1241322010923092,1.2361184792219273,10,3,2
11,1.1241322010923092,1.2361184792219273,10,3,2
12,1.1304533483410977,1.2440608576857526,10,3,2
13,1.1304533483410977,1.2440608576857526,10,3,2
14,1.1304533483410977,1.2440608576857526,10,3,2
15,1.1304533483410977,1.2440608576857526,10,3,2
16,1.1304533483410977,1.2440608576857526,10,3,2
17,1.1424569851609783,1.2591431556948798,10,3,2
18,1.1424569851609783,1.2591431556948798,10,3,2
19,1.1424569851609783,1.2591431556948798,10,3,2
20,1.1424569851609783,1.2591431556948798,10,3,2
21,1.1424569851609783,1.2591431556948798,10,3,2
22,1.1424569851609783,1.2591431556948798,10,3,2
23,1.1424569851609783,1.2591431556948798,10,3,2
24,1.1424569851609783,1.2591431556948798,10,3,2
25,1.1424569851609783,1.2591431556948798,10,3,2
26,1.1424569851609783,1.2591431556948798,10,3,2
27,1.1424569851609783,1.2591431556948798,10,3,2
28,1.1424569851609783,1.2591431556948798,10,3,2
29,1.1424569851609783,1.2591431556948798,10,3,2
30,1.1424569851609783,1.2591431556948798,10,3,2
31,1.1424569851609783,1.2591431556948798,10,3,2
32,1.1424569851609783,1.2591431556948798,10,3,2
33,1.1424569851609783,1.2591431556948798,10,3,2
34,1.1424569851609783,1.2591431556948798,10,3,2
35,1.1424569851609783,1.2591431556948798,10,3,2
36,1.1424569851609783,1.2591431556948798,10,3,2
37,1.1424569851609783,1.2591431556948798,10,3,2
38,1.1424569851609783,1.2591431556948798,10,3,2
39,1.1424569851609783,1.2591431556948798,10,3,2
40,1.1424569851609783,1.2591431556948798,10,3,2
41,1.1424569851609783,1.2591431556948798,10,3,2
42,1.1424569851609783,1.2591431556948798,10,3,2
43,1.1424569851609783,1.2591431556948798,10,3,2
44,1.1424569851609783,1.2591431556948798,10,3,2
45,1.1424569851609783,1.2591431556948798,10,3,2
46,1.1424569851609783,1.2591431556948798,10,3,2
47,1.1424569851609783,1.2591431556948798,10,3,2
48,1.1424569851609783,1.2591431556948798,10,3,2
49,1.1424569851609783,1.2591431556948798,10,3,2
50,1.1424569851609783,1.2591431556948798,10,3,2
51,1.1424569851609783,1.2591431556948798,10,3,2
52,1.1424569851609783,1.2591431556948798,10,3,2
53,1.1424569851609783,1.2591431556948798,10,3,2
54,1.1424569851609783,1.2591431556948798,10,3,2
55,1.1424569851609783,1.2591431556948798,10,3,2
56,1.1424569851609783,1.2591431556948798,10,3,2
57,1.1424569851609783,1.2591431556948798,10,3,2
58,1.1424569851609783,1.2591431556948798,10,3,2
59,1.1424569851609783,1.2591431556948798,10,3,2
60,1.1424569851609783,1.2591431556948798,10,3,2
61,1.1424569851609783,1.2591431556948798,10,3,2
62,1.1424569851609783,1.2591431556948798,10,3,2
63,1.1424569851609783,1.2591431556948798,10,3,2
64,1.1424569851609783,1.2591431556948798,10,3,2
65,1.1424569851609783,1.2591431556948798,10,3,2
66,1.1424569851609783,1.2591431556948798,10,3,2
67,1.1424569851609783,1.2591431556948798,10,3,2
68,1.1424569851609783,1.2591431556948798,10,3,2
69,1.1424569851609783,1.2591431556948798,10,3,2
70,1.1424569851609783,1.2591431556948798,10,3,2
71,1.1424569851609783,1.2591431556948798,10,3,2
72,1.1424569851609783,1.2591431556948798,10,3,2
73,1.1424569851609783,1.2591431556948798,10,3,2
74,1.1424569851609783,1.2591431556948798,10,3,2
75,1.1424569851609783,1.2591431556948798,10,3,2
76,1.1424569851609783,1.2591431556948798,10,3,2
77,1.1424569851609783,1.2591431556948798,10,3,2
78,1.1424569851609783,1.2591431556948798,10,3,2
79,1.1424569851609783,1.2591431556948798,10,3,2
80,1.1424569851609783,1.2591431556948798,10,3,2
81,1.1424569851609783,1.2591431556948798,10,3,2
82,1.1424569851609783,1.2591431556948798,10,3,2
83,1.1424569851609783,1.2591431556948798,10,3,2
84,1.1424569851609783,1.2591431556948798,10,3,2
85,1.1424569851609783,1.2591431556948798,10,3,2
86,1.1424569851609783,1.2591431556948798,10,3,2
87,1.1424569851609783,1.2591431556948798,10,3,2
88,1.1424569851609783,1.2591431556948798,10,3,2
89,1.1424569851609783,1.2591431556948798,10,3,2
90,1.1424569851609783,1.2591431556948798,10,3,2
91,1.1424569851609783,1.2591431556948798,10,3,2
92,1.1424569851609783,1.2591431556948798,10,3,2
93,1.1424569851609783,1.2591431556948798,10,3,2
94,1.1424569851609783,1.2591431556948798,10,3,2
95,1.1424569851609783,1.2591431556948798,10,3,2
96,1.1424569851609783,1.2591431556948798,10,3,2
97,1.1424569851609783,1.2591431556948798,10,3,2
98,1.1424569851609783,1.2591431556948798,10,3,2
99,1.1424569851609783,1.2591431556948798,10,3,2
100,1.1424569851609783,1.2591431556948798,10,3,2
101,1.1424569851609783,1.2591431556948798,10,3,2
102,1.1424569851609783,1.2591431556948798,10,3,2
103,1.1424569851609783,1.2591431556948798,10,3,2
104,1.1424569851609783,1.2591431556948798,10,3,2
105,1.1424569851609783,1.2591431556948798,10,3,2
106,1.1424569851609783,1.2591431556948798,10,3,2
107,1.1424569851609783,1.2591431556948798,10,3,2
108,1.1424569851609783,1.2591431556948798,10,3,2
109,1.1424569851609783,1.2591431556948798,10,3,2
110,1.1424569851609783,1.2591431556948798,10,3,2
111,1.1424569851609783,1.2591431556948798,10,3,2
112,1.1424569851609783,1.2591431556948798,10,3,2
113,1.1424569851609783,1.2591431556948798,10,3,2
114,1.1424569851609783,1.2591431556948798,10,3,2
115,1.1424569851609783,1.2591431556948798,10,3,2
116,1.1424569851609783,1.2591431556948798,10,3,2
117,1.1424569851609783,1.2591431556948798,10,3,2
118,1.1424569851609783,1.2591431556948798,10,3,2
119,1.1424569851609783,1.2591431556948798,10,3,2
120,1.1424569851609783,1.2591431556948798,10,3,2
121,1.1424569851609783,1.2591431556948798,10,3,2
122,1.1424569851609783,1.2591431556948798,10,3,2
123,1.1424569851609783,1.2591431556948798,10,3,2
124,1.1424569851609783,1.2591431556948798,10,3,2
125,1.1424569851609783,1.2591431556948798,10,3,2
126,1.1424569851609783,1.2591431556948798,10,3,2
127,1.1424569851609783,1.2591431556948798,10,3,2
128,1.1424569851609783,1.2591431556948798,10,3,2
129,1.1424569851609783,1.2591431556948798,10,3,2
130,1.1424569851609783,1.2591431556948798,10,3,2
131,1.1424569851609783,1.2591431556948798,10,3,2
132,1.1424569851609783,1.2591431556948798,10,3,2
133,1.1424569851609783,1.2591431556948798,10,3,2
134,1.1424569851609783,1.2591431556948798,10,3,2
135,1.1424569851609783,1.2591431556948798,10,3,2
136,1.1424569851609783,1.2591431556948798,10,3,2
137,1.1424569851609783,1.2591431556948798,10,3,2
138,1.1424569851609783,1.2591431556948798,10,3,2
139,1.1424569851609783,1.2591431556948798,10,3,2
140,1.1424569851609783,1.2591431556948798,10,3,2
141,1.1424569851609783,1.2591431556948798,10,3,2
142,1.1424569851609783,1.2591431556948798,10,3,2
143,1.1424569851609783,1.2591431556948798,10,3,2
144,1.1424569851609783,1.2591431556948798,10,3,2
145,1.1424569851609783,1.2591431556948798,10,3,2
146,1.1424569851609783,1.2591431556948798,10,3,2
147,1.1424569851609783,1.2591431556948798,10,3,2
148,1.1424569851609783,1.2591431556948798,10,3,2
149,1.1424569851609783,1.2591431556948798,10,3,2
150,1.1424569851609783,1.2591431556948798,10,3,2
151,1.1424569851609783,1.2591431556948798,10,3,2
152,1.1424569851609783,1.2591431556948798,10,3,2
153,1.1424569851609783,1.2591431556948798,10,3,2
154,1.1424569851609783,1.2591431556948798,10,3,2
155,1.1424569851609783,1.2591431556948798,10,3,2
156,1.1424569851609783,1.2591431556948798,10,3,2
157,1.1424569851609783,1.2591431556948798,10,3,2
158,1.1424569851609783,1.2591431556948798,10,3,2
159,1.1424569851609783,1.2591431556948798,10,3,2
160,1.1424569851609783,1.2591431556948798,10,3,2
161,1.1424569851609783,1.2591431556948798,10,3,2
162,1.1424569851609783,1.2591431556948798,10,3,2
163,1.1424569851609783,1.2591431556948798,10,3,2
164,1.1424569851609783,1.2591431556948798,10,3,2
165,1.1424569851609783,1.2591431556948798,10,3,2
166,1.1424569851609783,1.2591431556948798,10,3,2
167,1.1424569851609783,1.2591431556948798,10,3,2
168,1.1424569851609783,1.2591431556948798,10,3,2
169,1.1424569851609783,1.2591431556948798,10,3,2
170,1.1424569851609783,1.2591431556948798,10,3,2
171,1.1424569851609783,1.2591431556948798,10,3,2
172,1.1424569851609783,1.2591431556948798,10,3,2
173,1.1424569851609783,1.2591431556948798,10,3,2
174,1.1424569851609783,1.2591431556948798,10,3,2
175,1.1424569851609783,1.2591431556948798,10,3,2
176,1.1424569851609783,1.2591431556948798,10,3,2
177,1.1424569851609783,1.2591431556948798,10,3,2
178,1.1424569851609783,1.2591431556948798,10,3,2
179,1.1424569851609783,1.2591431556948798,10,3,2
180,1.1424569851609783,1.2591431556948798,10,3,2
181,1.1424569851609783,1.2591431556948798,10,3,2
182,1.1424569851609783,1.2591431556948798,10,3,2
183,1.1424569851609783,1.2591431556948798,10,3,2
184,1.1424569851609783,1.2591431556948798,10,3,2
185,1.1424569851609783,1.2591431556948798,10,3,2
186,1.1424569851609783,1.2591431556948798,10,3,2
187,1.1424569851609783,1.2591431556948798,10,3,2
188,1.1424569851609783,1.2591431556948798,10,3,2
189,1.1424569851609783,1.2591431556948798,10,3,2
190,1.1424569851609783,1.2591431556948798,10,3,2
191,1.1424569851609783,1.2591431556948798,10,3,2
192,1.1424569851609783,1.2591431556948798,10,3,2
193,1.1424569851609783,1.2591431556948798,10,3,2
194,1.1424569851609783,1.2591431556948798,10,3,2
195,1.1424569851609783,1.2591431556948798,10,3,2
196,1.1424569851609783,1.2591431556948798,10,3,2
197,1.1424569851609783,1.2591431556948798,10,3,2
198,1.1424569851609783,1.2591431556948798,10,3,2
199,1.1424569851609783,1.2591431556948798,10,3,2
200,1.1424569851609783,1.2591431556948798,10,3,2
201,1.1424569851609783,1.2591431556948798,10,3,2
202,1.1424569851609783,1.2591431556948798,10,3,2
203,1.1424569851609783,1.2591431556948798,10,3,2
204,1.1424569851609783,1.2591431556948798,10,3,2
205,1.1424569851609783,1.2591431556948798,10,3,2
206,1.1424569851609783,1.2591431556948798,10,3,2
207,1.1424569851609783,1.2591431556948798,10,3,2
208,1.1424569851609783,1.2591431556948798,10,3,2
209,1.1424569851609783,1.2591431556948798,10,3,2
210,1.1424569851609783,1.2591431556948798,10,3,2
211,1.1424569851609783,1.2591431556948798,10,3,2
212,1.1424569851609783,1.2591431556948798,10,3,2
213,1.1424569851609783,1.2591431556948798,10,3,2
214,1.1424569851609783,1.2591431556948798,10,3,2
215,1.1424569851609783,1.2591431556948798,10,3,2
216,1.1424569851609783,1.2591431556948798,10,3,2
217,1.1424569851609783,1.2591431556948798,10,3,2
218,1.1424569851609783,1.2591431556948798,10,3,2
219,1.1424569851609783,1.2591431556948798,10,3,2
220,1.1424569851609783,1.2591431556948798,10,3,2
221,1.1424569851609783,1.2591431556948798,10,3,2
222,1.1424569851609783,1.2591431556948798,10,3,2
223,1.1424569851609783,1.2591431556948798,10,3,2
224,1.1424569851609783,1.2591431556948798,10,3,2
225,1.1424569851609783,1.2591431556948798,10,3,2
226,1.1424569851609783,1.2591431556948798,10,3,2
227,1.1424569851609783,1.2591431556948798,10,3,2
228,1.1424569851609783,1.2591431556948798,10,3,2
229,1.1424569851609783,1.2591431556948798,10,3,2
230,1.1424569851609783,1.2591431556948798,10,3,2
231,1.1424569851609783,1.2591431556948798,10,3,2
232,1.1424569851609783,1.2591431556948798,10,3,2
233,1.1424569851609783,1.2591431556948798,10,3,2
234,1.1424569851609783,1.2591431556948798,10,3,2
235,1.1424569851609783,1.2591431556948798,10,3,2
236,1.1424569851609783,1.2591431556948798,10,3,2
237,1.1424569851609783,1.2591431556948798,10,3,2
238,1.1424569851609783,1.2591431556948798,10,3,2
239,1.1424569851609783,1.2591431556948798,10,3,2
240,1.1424569851609783,1.2591431556948798,10,3,2
241,1.1424569851609783,1.2591431556948798,10,3,2
242,1.1424569851609783,1.2591431556948798,10,3,2
243,1.1424569851609783,1.2591431556948798,10,3,2
244,1.1424569851609783,1.2591431556948798,10,3,2
245,1.1424569851609783,1.2591431556948798,10,3,2
246,1.1424569851609783,1.2591431556948798,10,3,2
247,1.1424569851609783,1.2591431556948798,10,3,2
248,1.1424569851609783,1.2591431556948798,10,3,2
249,1.1424569851609783,1.2591431556948798,10,3,2
250,1.1424569851609783,1.2591431556948798,10,3,2
251,1.1424569851609783,1.2591431556948798,10,3,2
252,1.1424569851609783,1.2591431556948798,10,3,2
253,1.1424569851609783,1.2591431556948798,10,3,2
254,1.1424569851609783,1.2591431556948798,10,3,2
255,1.1424569851609783,1.2591431556948798,10,3,2
256,1.1424569851609783,1.2591431556948798,10,3,2
257,1.1424569851609783,1.2591431556948798,10,3,2
258,1.1424569851609783,1.2591431556948798,10,3,2
259,1.1424569851609783,1.2591431556948798,10,3,2
260,1.1424569851609783,1.2591431556948798,10,3,2
261,1.1424569851609783,1.2591431556948798,10,3,2
262,1.1424569851609783,1.2591431556948798,10,3,2
263,1.1424569851609783,1.2591431556948798,10,3,2
264,1.1424569851609783,1.2591431556948798,10,3,2
265,1.1424569851609783,1.2591431556948798,10,3,2
266,1.1424569851609783,1.2591431556948798,10,3,2
267,1.1424569851609783,1.2591431556948798,10,3,2
268,1.1424569851609783,1.2591431556948798,10,3,2
269,1.1424569851609783,1.2591431556948798,10,3,2
270,1.1424569851609783,1.2591431556948798,10,3,2
271,1.1424569851609783,1.2591431556948798,10,3,2
272,1.1424569851609783,1.2591431556948798,10,3,2
273,1.1424569851609783,1.2591431556948798,10,3,2
274,1.1424569851609783,1.2591431556948798,10,3,2
275,1.1424569851609783,1.2591431556948798,10,3,2
276,1.1424569851609783,1.2591431556948798,10,3,2
277,1.1424569851609783,1.2591431556948798,10,3,2
278,1.1424569851609783,1.2591431556948798,10,3,2
279,1.1424569851609783,1.2591431556948798,10,3,2
280,1.1424569851609783,1.2591431556948798,10,3,2
281,1.1424569851609783,1.2591431556948798,10,3,2
282,1.1424569851609783,1.2591431556948798,10,3,2
283,1.1424569851609783,1.2591431556948798,10,3,2
284,1.1424569851609783,1.2591431556948798,10,3,2
285,1.1424569851609783,1.2591431556948798,10,3,2
286,1.1424569851609783,1.2591431556948798,10,3,2
287,1.1424569851609783,1.2591431556948798,10,3,2
288,1.1424569851609783,1.2591431556948798,10,3,2
289,1.1424569851609783,1.2591431556948798,10,3,2
290,1.1424569851609783,1.2591431556948798,10,3,2
291,1.1424569851609783,1.2591431556948798,10,3,2
292,1.1424569851609783,1.2591431556948798,10,3,2
293,1.1424569851609783,1.2591431556948798,10,3,2
294,1.1424569851609783,1.2591431556948798,10,3,2
295,1.1424569851609783,1.2591431556948798,10,3,2
296,1.1424569851609783,1.2591431556948798,10,3,2
297,1.1424569851609783,1.2591431556948798,10,3,2
298,1.1424569851609783,1.2591431556948798,10,3,2
299,1.1424569851609783,1.2591431556948798,10,3,2
300,1.1424569851609783,1.2591431556948798,10,3,2
301,1.1424569851609783,1.2591431556948798,10,3,2
302,1.1424569851609783,1.2591431556948798,10,3,2
303,1.1424569851609783,1.2591431556948798,10,3,2
304,1.1424569851609783,1.2591431556948798,10,3,2
305,1.1424569851609783,1.2591431556948798,10,3,2
306,1.1424569851609783,1.2591431556948798,10,3,2
307,1.1424569851609783,1.2591431556948798,10,3,2
308,1.1424569851609783,1.2591431556948798,10,3,2
309,1.1424569851609783,1.2591431556948798,10,3,2
310,1.1424569851609783,1.2591431556948798,10,3,2
311,1.1424569851609783,1.2591431556948798,10,3,2
312,1.1424569851609783,1.2591431556948798,10,3,2
313,1.1424569851609783,1.2591431556948798,10,3,2
314,1.1424569851609783,1.2591431556948798,10,3,2
315,1.1424569851609783,1.2591431556948798,10,3,2
316,1.1424569851609783,1.2591431556948798,10,3,2
317,1.1424569851609783,1.2591431556948798,10,3,2
318,1.1424569851609783,1.2591431556948798,10,3,2
319,1.1424569851609783,1.2591431556948798,10,3,2
320,1.1424569851609783,1.2591431556948798,10,3,2
321,1.1424569851609783,1.2591431556948798,10,3,2
322,1.1424569851609783,1.2591431556948798,10,3,2
323,1.1424569851609783,1.2591431556948798,10,3,2
324,1.1424569851609783,1.2591431556948798,10,3,2
325,1.1424569851609783,1.2591431556948798,10,3,2
326,1.1424569851609783,1.2591431556948798,10,3,2
327,1.1424569851609783,1.2591431556948798,10,3,2
328,1.1424569851609783,1.2591431556948798,10,3,2
329,1.1424569851609783,1.2591431556948798,10,3,2
330,1.1424569851609783,1.2591431556948798,10,3,2
331,1.1424569851609783,1.2591431556948798,10,3,2
332,1.1424569851609783,1.2591431556948798,10,3,2
333,1.1424569851609783,1.2591431556948798,10,3,2
334,1.1424569851609783,1.2591431556948798,10,3,2
335,1.1424569851609783,1.2591431556948798,10,3,2
336,1.1424569851609783,1.2591431556948798,10,3,2
337,1.1424569851609783,1.2591431556948798,10,3,2
338,1.1424569851609783,1.2591431556948798,10,3,2
339,1.1424569851609783,1.2591431556948798,10,3,2
340,1.1424569851609783,1.2591431556948798,10,3,2
341,1.1424569851609783,1.2591431556948798,10,3,2
342,1.1424569851609783,1.2591431556948798,10,3,2
343,1.1424569851609783,1.2591431556948798,10,3,2
344,1.1424569851609783,1.2591431556948798,10,3,2
345,1.1424569851609783,1.2591431556948798,10,3,2
346,1.1424569851609783,1.2591431556948798,10,3,2
347,1.1424569851609783,1.2591431556948798,10,3,2
348,1.1424569851609783,1.2591431556948798,10,3,2
349,1.1424569851609783,1.2591431556948798,10,3,2
350,1.1424569851609783,1.2591431556948798,10,3,2
351,1.1424569851609783,1.2591431556948798,10,3,2
352,1.1424569851609783,1.2591431556948798,10,3,2
353,1.1424569851609783,1.2591431556948798,10,3,2
354,1.1424569851609783,1.2591431556948798,10,3,2
355,1.1424569851609783,1.2591431556948798,10,3,2
356,1.1424569851609783,1.2591431556948798,10,3,2
357,1.1424569851609783,1.2591431556948798,10,3,2
358,1.1424569851609783,1.2591431556948798,10,3,2
359,1.1424569851609783,1.2591431556948798,10,3,2
360,1.1424569851609783,1.2591431556948798,10,3,2
361,1.1424569851609783,1.2591431556948798,10,3,2
362,1.1424569851609783,1.2591431556948798,10,3,2
363,1.1424569851609783,1.2591431556948798,10,3,2
364,1.1424569851609783,1.2591431556948798,10,3,2
365,1.1424569851609783,1.2591431556948798,10,3,2
366,1.1424569851609783,1.2591431556948798,10,3,2
367,1.1424569851609783,1.2591431556948798,10,3,2
368,1.1424569851609783,1.2591431556948798,10,3,2
369,1.1424569851609783,1.2591431556948798,10,3,2
370,1.1424569851609783,1.2591431556948798,10,3,2
371,1.1424569851609783,1.2591431556948798,10,3,2
372,1.1424569851609783,1.2591431556948798,10,3,2
373,1.1424569851609783,1.2591431556948798,10,3,2
374,1.1424569851609783,1.2591431556948798,10,3,2
375,1.1424569851609783,1.2591431556948798,10,3,2
376,1.1424569851609783,1.2591431556948798,10,3,2
377,1.1424569851609783,1.2591431556948798,10,3,2
378,1.1424569851609783,1.2591431556948798,10,3,2
379,1.1424569851609783,1.2591431556948798,10,3,2
380,1.1424569851609783,1.2591431556948798,10,3,2
381,1.1424569851609783,1.2591431556948798,10,3,2
382,1.1424569851609783,1.2591431556948798,10,3,2
383,1.1424569851609783,1.2591431556948798,10,3,2
384,1.1424569851609783,1.2591431556948798,10,3,2
385,1.1424569851609783,1.2591431556948798,10,3,2
386,1.1424569851609783,1.2591431556948798,10,3,2
387,1.1424569851609783,1.2591431556948798,10,3,2
388,1.1424569851609783,1.2591431556948798,10,3,2
389,1.1424569851609783,1.2591431556948798,10,3,2
390,1.1424569851609783,1.2591431556948798,10,3,2
391,1.1424569851609783,1.2591431556948798,10,3,2
392,1.1424569851609783,1.2591431556948798,10,3,2
393,1.1424569851609783,1.2591431556948798,10,3,2
394,1.1424569851609783,1.2591431556948798,10,3,2
395,1.1424569851609783,1.2591431556948798,10,3,2
396,1.1424569851609783,1.2591431556948798,10,3,2
397,1.1424569851609783,1.2591431556948798,10,3,2
398,1.1424569851609783,1.2591431556948798,10,3,2
399,1.1424569851609783,1.2591431556948798,10,3,2
400,1.1424569851609783,1.2591431556948798,10,3,2
401,1.1424569851609783,1.2591431556948798,10,3,2
402,1.1424569851609783,1.2591431556948798,10,3,2
403,1.1424569851609783,1.2591431556948798,10,3,2
404,1.1424569851609783,1.2591431556948798,10,3,2
405,1.1424569851609783,1.2591431556948798,10,3,2
406,1.1424569851609783,1.2591431556948798,10,3,2
407,1.1424569851609783,1.2591431556948798,10,3,2
408,1.1424569851609783,1.2591431556948798,10,3,2
409,1.1424569851609783,1.2591431556948798,10,3,2
410,1.1424569851609783,1.2591431556948798,10,3,2
411,1.1424569851609783,1.2591431556948798,10,3,2
412,1.1424569851609783,1.2591431556948798,10,3,2
413,1.1424569851609783,1.2591431556948798,10,3,2
414,1.1424569851609783,1.2591431556948798,10,3,2
415,1.1424569851609783,1.2591431556948798,10,3,2
416,1.1424569851609783,1.2591431556948798,10,3,2
417,1.1424569851609783,1.2591431556948798,10,3,2
418,1.1424569851609783,1.2591431556948798,10,3,2
419,1.1424569851609783,1.2591431556948798,10,3,2
420,1.1424569851609783,1.2591431556948798,10,3,2
421,1.1424569851609783,1.2591431556948798,10,3,2
422,1.1424569851609783,1.2591431556948798,10,3,2
423,1.1424569851609783,1.2591431556948798,10,3,2
424,1.1424569851609783,1.2591431556948798,10,3,2
425,1.1424569851609783,1.2591431556948798,10,3,2
426,1.1424569851609783,1.2591431556948798,10,3,2
427,1.1424569851609783,1.2591431556948798,10,3,2
428,1.1424569851609783,1.2591431556948798,10,3,2
429,1.1424569851609783,1.2591431556948798,10,3,2
430,1.1424569851609783,1.2591431556948798,10,3,2
431,1.1424569851609783,1.2591431556948798,10,3,2
432,1.1424569851609783,1.2591431556948798,10,3,2
433,1.1424569851609783,1.2591431556948798,10,3,2
434,1.1424569851609783,1.2591431556948798,10,3,2
435,1.1424569851609783,1.2591431556948798,10,3,2
436,1.1424569851609783,1.2591431556948798,10,3,2
437,1.1424569851609783,1.2591431556948798,10,3,2
438,1.1424569851609783,1.2591431556948798,10,3,2
439,1.1424569851609783,1.2591431556948798,10,3,2
440,1.1424569851609783,1.2591431556948798,10,3,2
441,1.1424569851609783,1.2591431556948798,10,3,2
442,1.1424569851609783,1.2591431556948798,10,3,2
443,1.1424569851609783,1.2591431556948798,10,3,2
444,1.1424569851609783,1.2591431556948798,10,3,2
445,1.1424569851609783,1.2591431556948798,10,3,2
446,1.1424569851609783,1.2591431556948798,10,3,2
447,1.1424569851609783,1.2591431556948798,10,3,2
448,1.1424569851609783,1.2591431556948798,10,3,2
449,1.1424569851609783,1.2591431556948798,10,3,2
450,1.1424569851609783,1.2591431556948798,10,3,2
451,1.1424569851609783,1.2591431556948798,10,3,2
452,1.1424569851609783,1.2591431556948798,10,3,2
453,1.1424569851609783,1.2591431556948798,10,3,2
454,1.1424569851609783,1.2591431556948798,10,3,2
455,1.1424569851609783,1.2591431556948798,10,3,2
456,1.1424569851609783,1.2591431556948798,10,3,2
457,1.1424569851609783,1.2591431556948798,10,3,2
458,1.1424569851609783,1.2591431556948798,10,3,2
459,1.1424569851609783,1.2591431556948798,10,3,2
460,1.1424569851609783,1.2591431556948798,10,3,2
461,1.1424569851609783,1.2591431556948798,10,3,2
462,1.1424569851609783,1.2591431556948798,10,3,2
463,1.1424569851609783,1.2591431556948798,10,3,2
464,1.1424569851609783,1.2591431556948798,10,3,2
465,1.1424569851609783,1.2591431556948798,10,3,2
466,1.1424569851609783,1.2591431556948798,10,3,2
467,1.1424569851609783,1.2591431556948798,10,3,2
468,1.1424569851609783,1.2591431556948798,10,3,2
469,1.1424569851609783,1.2591431556948798,10,3,2
470,1.1424569851609783,1.2591431556948798,10,3,2
471,1.1424569851609783,1.2591431556948798,10,3,2
472,1.1424569851609783,1.2591431556948798,10,3,2
473,1.1424569851609783,1.2591431556948798,10,3,2
474,1.1424569851609783,1.2591431556948798,10,3,2
475,1.1424569851609783,1.2591431556948798,10,3,2
476,1.1424569851609783,1.2591431556948798,10,3,2
477,1.1424569851609783,1.2591431556948798,10,3,2
478,1.1424569851609783,1.2591431556948798,10,3,2
479,1.1424569851609783,1.2591431556948798,10,3,2
480,1.1424569851609783,1.2591431556948798,10,3,2
481,1.1424569851609783,1.2591431556948798,10,3,2
482,1.1424569851609783,1.2591431556948798,10,3,2
483,1.1424569851609783,1.2591431556948798,10,3,2
484,1.1424569851609783,1.2591431556948798,10,3,2
485,1.1424569851609783,1.2591431556948798,10,3,2
486,1.1424569851609783,1.2591431556948798,10,3,2
487,1.1424569851609783,1.2591431556948798,10,3,2
488,1.1424569851609783,1.2591431556948798,10,3,2
489,1.1424569851609783,1.2591431556948798,10,3,2
490,1.1424569851609783,1.2591431556948798,10,3,2
491,1.1424569851609783,1.2591431556948798,10,3,2
492,1.1424569851609783,1.2591431556948798,10,3,2
493,1.1424569851609783,1.2591431556948798,10,3,2
494,1.1424569851609783,1.2591431556948798,10,3,2
495,1.1424569851609783,1.2591431556948798,10,3,2
496,1.1424569851609783,1.2591431556948798,10,3,2
497,1.1424569851609783,1.2591431556948798,10,3,2
498,1.1424569851609783,1.2591431556948798,10,3,2
499,1.1424569851609783,1.2591431556948798,10,3,2
500,1.1424569851609783,1.2591431556948798,10,3,2
501,1.1424569851609783,1.2591431556948798,10,3,2
502,1.1424569851609783,1.2591431556948798,10,3,2
503,1.1424569851609783,1.2591431556948798,10,3,2
504,1.1424569851609783,1.2591431556948798,10,3,2
505,1.1424569851609783,1.2591431556948798,10,3,2
506,1.1424569851609783,1.2591431556948798,10,3,2
507,1.1424569851609783,1.2591431556948798,10,3,2
508,1.1424569851609783,1.2591431556948798,10,3,2
509,1.1424569851609783,1.2591431556948798,10,3,2
510,1.1424569851609783,1.2591431556948798,10,3,2
511,1.1424569851609783,1.2591431556948798,10,3,2
512,1.1424569851609783,1.2591431556948798,10,3,2
513,1.1424569851609783,1.2591431556948798,10,3,2
514,1.1424569851609783,1.2591431556948798,10,3,2
515,1.1424569851609783,1.2591431556948798,10,3,2
516,1.1424569851609783,1.2591431556948798,10,3,2
517,1.1424569851609783,1.2591431556948798,10,3,2
518,1.1424569851609783,1.2591431556948798,10,3,2
519,1.1424569851609783,1.2591431556948798,10,3,2
520,1.1424569851609783,1.2591431556948798,10,3,2
521,1.1424569851609783,1.2591431556948798,10,3,2
522,1.1424569851609783,1.2591431556948798,10,3,2
523,1.1424569851609783,1.2591431556948798,10,3,2
524,1.1424569851609783,1.2591431556948798,10,3,2
525,1.1424569851609783,1.2591431556948798,10,3,2
526,1.1424569851609783,1.2591431556948798,10,3,2
527,1.1424569851609783,1.2591431556948798,10,3,2
528,1.1424569851609783,1.2591431556948798,10,3,2
529,1.1424569851609783,1.2591431556948798,10,3,2
530,1.1424569851609783,1.2591431556948798,10,3,2
531,1.1424569851609783,1.2591431556948798,10,3,2
532,1.1424569851609783,1.2591431556948798,10,3,2
533,1.1424569851609783,1.2591431556948798,10,3,2
534,1.1424569851609783,1.2591431556948798,10,3,2
535,1.1424569851609783,1.2591431556948798,10,3,2
536,1.1424569851609783,1.2591431556948798,10,3,2
537,1.1424569851609783,1.2591431556948798,10,3,2
538,1.1424569851609783,1.2591431556948798,10,3,2
539,1.1424569851609783,1.2591431556948798,10,3,2
540,1.1424569851609783,1.2591431556948798,10,3,2
541,1.1424569851609783,1.2591431556948798,10,3,2
542,1.1424569851609783,1.2591431556948798,10,3,2
543,1.1424569851609783,1.2591431556948798,10,3,2
544,1.1424569851609783,1.2591431556948798,10,3,2
545,1.1424569851609783,1.2591431556948798,10,3,2
546,1.1424569851609783,1.2591431556948798,10,3,2
547,1.1424569851609783,1.2591431556948798,10,3,2
548,1.1424569851609783,1.2591431556948798,10,3,2
549,1.1424569851609783,1.2591431556948798,10,3,2
550,1.1424569851609783,1.2591431556948798,10,3,2
551,1.1424569851609783,1.2591431556948798,10,3,2
552,1.1424569851609783,1.2591431556948798,10,3,2
553,1.1424569851609783,1.2591431556948798,10,3,2
554,1.1424569851609783,1.2591431556948798,10,3,2
555,1.1424569851609783,1.2591431556948798,10,3,2
556,1.1424569851609783,1.2591431556948798,10,3,2
557,1.1424569851609783,1.2591431556948798,10,3,2
558,1.1424569851609783,1.2591431556948798,10,3,2
559,1.1424569851609783,1.2591431556948798,10,3,2
560,1.1424569851609783,1.2591431556948798,10,3,2
561,1.1424569851609783,1.2591431556948798,10,3,2
562,1.1424569851609783,1.2591431556948798,10,3,2
563,1.1424569851609783,1.2591431556948798,10,3,2
564,1.1424569851609783,1.2591431556948798,10,3,2
565,1.1424569851609783,1.2591431556948798,10,3,2
566,1.1424569851609783,1.2591431556948798,10,3,2
567,1.1424569851609783,1.2591431556948798,10,3,2
568,1.1424569851609783,1.2591431556948798,10,3,2
569,1.1424569851609783,1.2591431556948798,10,3,2
570,1.1424569851609783,1.2591431556948798,10,3,2
571,1.1424569851609783,1.2591431556948798,10,3,2
572,1.1424569851609783,1.2591431556948798,10,3,2
573,1.1424569851609783,1.2591431556948798,10,3,2
574,1.1424569851609783,1.2591431556948798,10,3,2
575,1.1424569851609783,1.2591431556948798,10,3,2
576,1.1424569851609783,1.2591431556948798,10,3,2
577,1.1424569851609783,1.2591431556948798,10,3,2
578,1.1424569851609783,1.2591431556948798,10,3,2
579,1.1424569851609783,1.2591431556948798,10,3,2
580,1.1424569851609783,1.2591431556948798,10,3,2
581,1.1424569851609783,1.2591431556948798,10,3,2
582,1.1424569851609783,1.2591431556948798,10,3,2
583,1.1424569851609783,1.2591431556948798,10,3,2
584,1.1424569851609783,1.2591431556948798,10,3,2
585,1.1424569851609783,1.2591431556948798,10,3,2
586,1.1424569851609783,1.2591431556948798,10,3,2
587,1.1424569851609783,1.2591431556948798,10,3,2
588,1.1424569851609783,1.2591431556948798,10,3,2
589,1.1424569851609783,1.2591431556948798,10,3,2
590,1.1424569851609783,1.2591431556948798,10,3,2
591,1.1424569851609783,1.2591431556948798,10,3,2
592,1.1424569851609783,1.2591431556948798,10,3,2
593,1.1424569851609783,1.2591431556948798,10,3,2
594,1.1424569851609783,1.2591431556948798,10,3,2
595,1.1424569851609783,1.2591431556948798,10,3,2
596,1.1424569851609783,1.2591431556948798,10,3,2
597,1.1424569851609783,1.2591431556948798,10,3,2
598,1.1424569851609783,1.2591431556948798,10,3,2
599,1.1424569851609783,1.2591431556948798,10,3,2
600,1.1424569851609783,1.2591431556948798,10,3,2
601,1.1424569851609783,1.2591431556948798,10,3,2
602,1.1424569851609783,1.2591431556948798,10,3,2
603,1.1424569851609783,1.2591431556948798,10,3,2
604,1.1424569851609783,1.2591431556948798,10,3,2
605,1.1424569851609783,1.2591431556948798,10,3,2
606,1.1424569851609783,1.2591431556948798,10,3,2
607,1.1424569851609783,1.2591431556948798,10,3,2
608,1.1424569851609783,1.2591431556948798,10,3,2
609,1.1424569851609783,1.2591431556948798,10,3,2
610,1.1424569851609783,1.2591431556948798,10,3,2
611,1.1424569851609783,1.2591431556948798,10,3,2
612,1.1424569851609783,1.2591431556948798,10,3,2
613,1.1424569851609783,1.2591431556948798,10,3,2
614,1.1424569851609783,1.2591431556948798,10,3,2
615,1.1424569851609783,1.2591431556948798,10,3,2
616,1.1424569851609783,1.2591431556948798,10,3,2
617,1.1424569851609783,1.2591431556948798,10,3,2
618,1.1424569851609783,1.2591431556948798,10,3,2
619,1.1424569851609783,1.2591431556948798,10,3,2
620,1.1424569851609783,1.2591431556948798,10,3,2
621,1.1424569851609783,1.2591431556948798,10,3,2
622,1.1424569851609783,1.2591431556948798,10,3,2
623,1.1424569851609783,1.2591431556948798,10,3,2
624,1.1424569851609783,1.2591431556948798,10,3,2
625,1.1424569851609783,1.2591431556948798,10,3,2
626,1.1424569851609783,1.2591431556948798,10,3,2
627,1.1424569851609783,1.2591431556948798,10,3,2
628,1.1424569851609783,1.2591431556948798,10,3,2
629,1.1424569851609783,1.2591431556948798,10,3,2
630,1.1424569851609783,1.2591431556948798,10,3,2
631,1.1424569851609783,1.2591431556948798,10,3,2
632,1.1424569851609783,1.2591431556948798,10,3,2
633,1.1424569851609783,1.2591431556948798,10,3,2
634,1.1424569851609783,1.2591431556948798,10,3,2
635,1.1424569851609783,1.2591431556948798,10,3,2
636,1.1424569851609783,1.2591431556948798,10,3,2
637,1.1424569851609783,1.2591431556948798,10,3,2
638,1.1424569851609783,1.2591431556948798,10,3,2
639,1.1424569851609783,1.2591431556948798,10,3,2
640,1.1424569851609783,1.2591431556948798,10,3,2
641,1.1424569851609783,1.2591431556948798,10,3,2
642,1.1424569851609783,1.2591431556948798,10,3,2
643,1.1424569851609783,1.2591431556948798,10,3,2
644,1.1424569851609783,1.2591431556948798,10,3,2
645,1.1424569851609783,1.2591431556948798,10,3,2
646,1.1424569851609783,1.2591431556948798,10,3,2
647,1.1424569851609783,1.2591431556948798,10,3,2
648,1.1424569851609783,1.2591431556948798,10,3,2
649,1.1424569851609783,1.2591431556948798,10,3,2
650,1.1424569851609783,1.2591431556948798,10,3,2
651,1.1424569851609783,1.2591431556948798,10,3,2
652,1.1424569851609783,1.2591431556948798,10,3,2
653,1.1424569851609783,1.2591431556948798,10,3,2
654,1.1424569851609783,1.2591431556948798,10,3,2
655,1.1424569851609783,1.2591431556948798,10,3,2
656,1.1424569851609783,1.2591431556948798,10,3,2
657,1.1424569851609783,1.2591431556948798,10,3,2
658,1.1424569851609783,1.2591431556948798,10,3,2
659,1.1424569851609783,1.2591431556948798,10,3,2
660,1.1424569851609783,1.2591431556948798,10,3,2
661,1.1424569851609783,1.2591431556948798,10,3,2
662,1.1424569851609783,1.2591431556948798,10,3,2
663,1.1424569851609783,1.2591431556948798,10,3,2
664,1.1424569851609783,1.2591431556948798,10,3,2
665,1.1424569851609783,1.2591431556948798,10,3,2
666,1.1424569851609783,1.2591431556948798,10,3,2
667,1.1424569851609783,1.2591431556948798,10,3,2
668,1.1424569851609783,1.2591431556948798,10,3,2
669,1.1424569851609783,1.2591431556948798,10,3,2
670,1.1424569851609783,1.2591431556948798,10,3,2
671,1.1424569851609783,1.2591431556948798,10,3,2
672,1.1424569851609783,1.2591431556948798,10,3,2
673,1.1424569851609783,1.2591431556948798,10,3,2
674,1.1424569851609783,1.2591431556948798,10,3,2
675,1.1424569851609783,1.2591431556948798,10,3,2
676,1.1424569851609783,1.2591431556948798,10,3,2
677,1.1424569851609783,1.2591431556948798,10,3,2
678,1.1424569851609783,1.2591431556948798,10,3,2
679,1.1424569851609783,1.2591431556948798,10,3,2
680,1.1424569851609783,1.2591431556948798,10,3,2
681,1.1424569851609783,1.2591431556948798,10,3,2
682,1.1424569851609783,1.2591431556948798,10,3,2
683,1.1424569851609783,1.2591431556948798,10,3,2
684,1.1424569851609783,1.2591431556948798,10,3,2
685,1.1424569851609783,1.2591431556948798,10,3,2
686,1.1424569851609783,1.2591431556948798,10,3,2
687,1.1424569851609783,1.2591431556948798,10,3,2
688,1.1424569851609783,1.2591431556948798,10,3,2
689,1.1424569851609783,1.2591431556948798,10,3,2
690,1.1424569851609783,1.2591431556948798,10,3,2
691,1.1424569851609783,1.2591431556948798,10,3,2
692,1.1424569851609783,1.2591431556948798,10,3,2
693,1.1424569851609783,1.2591431556948798,10,3,2
694,1.1424569851609783,1.2591431556948798,10,3,2
695,1.1424569851609783,1.2591431556948798,10,3,2
696,1.1424569851609783,1.2591431556948798,10,3,2
697,1.1424569851609783,1.2591431556948798,10,3,2
698,1.1424569851609783,1.2591431556948798,10,3,2
699,1.1424569851609783,1.2591431556948798,10,3,2
700,1.1424569851609783,1.2591431556948798,10,3,2
701,1.1424569851609783,1.2591431556948798,10,3,2
702,1.1424569851609783,1.2591431556948798,10,3,2
703,1.1424569851609783,1.2591431556948798,10,3,2
704,1.1424569851609783,1.2591431556948798,10,3,2
705,1.1424569851609783,1.2591431556948798,10,3,2
706,1.1424569851609783,1.2591431556948798,10,3,2
707,1.1424569851609783,1.2591431556948798,10,3,2
708,1.1424569851609783,1.2591431556948798,10,3,2
709,1.1424569851609783,1.2591431556948798,10,3,2
710,1.1424569851609783,1.2591431556948798,10,3,2
711,1.1424569851609783,1.2591431556948798,10,3,2
712,1.1424569851609783,1.2591431556948798,10,3,2
713,1.1424569851609783,1.2591431556948798,10,3,2
714,1.1424569851609783,1.2591431556948798,10,3,2
715,1.1424569851609783,1.2591431556948798,10,3,2
716,1.1424569851609783,1.2591431556948798,10,3,2
717,1.1424569851609783,1.2591431556948798,10,3,2
718,1.1424569851609783,1.2591431556948798,10,3,2
719,1.1424569851609783,1.2591431556948798,10,3,2
720,1.1424569851609783,1.2591431556948798,10,3,2
721,1.1424569851609783,1.2591431556948798,10,3,2
722,1.1424569851609783,1.2591431556948798,10,3,2
723,1.1424569851609783,1.2591431556948798,10,3,2
724,1.1424569851609783,1.2591431556948798,10,3,2
725,1.1424569851609783,1.2591431556948798,10,3,2
726,1.1424569851609783,1.2591431556948798,10,3,2
727,1.1424569851609783,1.2591431556948798,10,3,2
728,1.1424569851609783,1.2591431556948798,10,3,2
729,1.1424569851609783,1.2591431556948798,10,3,2
730,1.1424569851609783,1.2591431556948798,10,3,2
731,1.1424569851609783,1.2591431556948798,10,3,2
732,1.1424569851609783,1.2591431556948798,10,3,2
733,1.1424569851609783,1.2591431556948798,10,3,2
734,1.1424569851609783,1.2591431556948798,10,3,2
735,1.1424569851609783,1.2591431556948798,10,3,2
736,1.1424569851609783,1.2591431556948798,10,3,2
737,1.1424569851609783,1.2591431556948798,10,3,2
738,1.1424569851609783,1.2591431556948798,10,3,2
739,1.1424569851609783,1.2591431556948798,10,3,2
740,1.1424569851609783,1.2591431556948798,10,3,2
741,1.1424569851609783,1.2591431556948798,10,3,2
742,1.1424569851609783,1.2591431556948798,10,3,2
743,1.1424569851609783,1.2591431556948798,10,3,2
744,1.1424569851609783,1.2591431556948798,10,3,2
745,1.1424569851609783,1.2591431556948798,10,3,2
746,1.1424569851609783,1.2591431556948798,10,3,2
747,1.1424569851609783,1.2591431556948798,10,3,2
748,1.1424569851609783,1.2591431556948798,10,3,2
749,1.1424569851609783,1.2591431556948798,10,3,2
750,1.1424569851609783,1.2591431556948798,10,3,2
751,1.1424569851609783,1.2591431556948798,10,3,2
752,1.1424569851609783,1.2591431556948798,10,3,2
753,1.1424569851609783,1.2591431556948798,10,3,2
754,1.1424569851609783,1.2591431556948798,10,3,2
755,1.1424569851609783,1.2591431556948798,10,3,2
756,1.1424569851609783,1.2591431556948798,10,3,2
757,1.1424569851609783,1.2591431556948798,10,3,2
758,1.1424569851609783,1.2591431556948798,10,3,2
759,1.1424569851609783,1.2591431556948798,10,3,2
760,1.1424569851609783,1.2591431556948798,10,3,2
761,1.1424569851609783,1.2591431556948798,10,3,2
762,1.1424569851609783,1.2591431556948798,10,3,2
763,1.1424569851609783,1.2591431556948798,10,3,2
764,1.1424569851609783,1.2591431556948798,10,3,2
765,1.1424569851609783,1.2591431556948798,10,3,2
766,1.1424569851609783,1.2591431556948798,10,3,2
767,1.1424569851609783,1.2591431556948798,10,3,2
768,1.1424569851609783,1.2591431556948798,10,3,2
769,1.1424569851609783,1.2591431556948798,10,3,2
770,1.1424569851609783,1.2591431556948798,10,3,2
771,1.1424569851609783,1.2591431556948798,10,3,2
772,1.1424569851609783,1.2591431556948798,10,3,2
773,1.1424569851609783,1.2591431556948798,10,3,2
774,1.1424569851609783,1.2591431556948798,10,3,2
775,1.1424569851609783,1.2591431556948798,10,3,2
776,1.1424569851609783,1.2591431556948798,10,3,2
777,1.1424569851609783,1.2591431556948798,10,3,2
778,1.1424569851609783,1.2591431556948798,10,3,2
779,1.1424569851609783,1.2591431556948798,10,3,2
780,1.1424569851609783,1.2591431556948798,10,3,2
781,1.1424569851609783,1.2591431556948798,10,3,2
782,1.1424569851609783,1.2591431556948798,10,3,2
783,1.1424569851609783,1.2591431556948798,10,3,2
784,1.1424569851609783,1.2591431556948798,10,3,2
785,1.1424569851609783,1.2591431556948798,10,3,2
786,1.1424569851609783,1.2591431556948798,10,3,2
787,1.1424569851609783,1.2591431556948798,10,3,2
788,1.1424569851609783,1.2591431556948798,10,3,2
789,1.1424569851609783,1.2591431556948798,10,3,2
790,1.1424569851609783,1.2591431556948798,10,3,2
791,1.1424569851609783,1.2591431556948798,10,3,2
792,1.1424569851609783,1.2591431556948798,10,3,2
793,1.1424569851609783,1.2591431556948798,10,3,2
794,1.1424569851609783,1.2591431556948798,10,3,2
795,1.1424569851609783,1.2591431556948798,10,3,2
796,1.1424569851609783,1.2591431556948798,10,3,2
797,1.1424569851609783,1.2591431556948798,10,3,2
798,1.1424569851609783,1.2591431556948798,10,3,2
799,1.1424569851609783,1.2591431556948798,10,3,2
800,1.1424569851609783,1.2591431556948798,10,3,2
801,1.1424569851609783,1.2591431556948798,10,3,2
802,1.1424569851609783,1.2591431556948798,10,3,2
803,1.1424569851609783,1.2591431556948798,10,3,2
804,1.1424569851609783,1.2591431556948798,10,3,2
805,1.1424569851609783,1.2591431556948798,10,3,2
806,1.1424569851609783,1.2591431556948798,10,3,2
807,1.1424569851609783,1.2591431556948798,10,3,2
808,1.1424569851609783,1.2591431556948798,10,3,2
809,1.1424569851609783,1.2591431556948798,10,3,2
810,1.1424569851609783,1.2591431556948798,10,3,2
811,1.1424569851609783,1.2591431556948798,10,3,2
812,1.1424569851609783,1.2591431556948798,10,3,2
813,1.1424569851609783,1.2591431556948798,10,3,2
814,1.1424569851609783,1.2591431556948798,10,3,2
815,1.1424569851609783,1.2591431556948798,10,3,2
816,1.1424569851609783,1.2591431556948798,10,3,2
817,1.1424569851609783,1.2591431556948798,10,3,2
818,1.1424569851609783,1.2591431556948798,10,3,2
819,1.1424569851609783,1.2591431556948798,10,3,2
820,1.1424569851609783,1.2591431556948798,10,3,2
821,1.1424569851609783,1.2591431556948798,10,3,2
822,1.1424569851609783,1.2591431556948798,10,3,2
823,1.1424569851609783,1.2591431556948798,10,3,2
824,1.1424569851609783,1.2591431556948798,10,3,2
825,1.1424569851609783,1.2591431556948798,10,3,2
826,1.1424569851609783,1.2591431556948798,10,3,2
827,1.1424569851609783,1.2591431556948798,10,3,2
828,1.1424569851609783,1.2591431556948798,10,3,2
829,1.1424569851609783,1.2591431556948798,10,3,2
830,1.1424569851609783,1.2591431556948798,10,3,2
831,1.1424569851609783,1.2591431556948798,10,3,2
832,1.1424569851609783,1.2591431556948798,10,3,2
833,1.1424569851609783,1.2591431556948798,10,3,2
834,1.1424569851609783,1.2591431556948798,10,3,2
835,1.1424569851609783,1.2591431556948798,10,3,2
836,1.1424569851609783,1.2591431556948798,10,3,2
837,1.1424569851609783,1.2591431556948798,10,3,2
838,1.1424569851609783,1.2591431556948798,10,3,2
839,1.1424569851609783,1.2591431556948798,10,3,2
840,1.1424569851609783,1.2591431556948798,10,3,2
841,1.1424569851609783,1.2591431556948798,10,3,2
842,1.1424569851609783,1.2591431556948798,10,3,2
843,1.1424569851609783,1.2591431556948798,10,3,2
844,1.1424569851609783,1.2591431556948798,10,3,2
845,1.1424569851609783,1.2591431556948798,10,3,2
846,1.1424569851609783,1.2591431556948798,10,3,2
847,1.1424569851609783,1.2591431556948798,10,3,2
848,1.1424569851609783,1.2591431556948798,10,3,2
849,1.1424569851609783,1.2591431556948798,10,3,2
850,1.1424569851609783,1.2591431556948798,10,3,2
851,1.1424569851609783,1.2591431556948798,10,3,2
852,1.1424569851609783,1.2591431556948798,10,3,2
853,1.1424569851609783,1.2591431556948798,10,3,2
854,1.1424569851609783,1.2591431556948798,10,3,2
855,1.1424569851609783,1.2591431556948798,10,3,2
856,1.1424569851609783,1.2591431556948798,10,3,2
857,1.1424569851609783,1.2591431556948798,10,3,2
858,1.1424569851609783,1.2591431556948798,10,3,2
859,1.1424569851609783,1.2591431556948798,10,3,2
860,1.1424569851609783,1.2591431556948798,10,3,2
861,1.1424569851609783,1.2591431556948798,10,3,2
862,1.1424569851609783,1.2591431556948798,10,3,2
863,1.1424569851609783,1.2591431556948798,10,3,2
864,1.1424569851609783,1.2591431556948798,10,3,2
865,1.1424569851609783,1.2591431556948798,10,3,2
866,1.1424569851609783,1.2591431556948798,10,3,2
867,1.1424569851609783,1.2591431556948798,10,3,2
868,1.1424569851609783,1.2591431556948798,10,3,2
869,1.1424569851609783,1.2591431556948798,10,3,2
870,1.1424569851609783,1.2591431556948798,10,3,2
871,1.1424569851609783,1.2591431556948798,10,3,2
872,1.1424569851609783,1.2591431556948798,10,3,2
873,1.1424569851609783,1.2591431556948798,10,3,2
874,1.1424569851609783,1.2591431556948798,10,3,2
875,1.1424569851609783,1.2591431556948798,10,3,2
876,1.1424569851609783,1.2591431556948798,10,3,2
877,1.1424569851609783,1.2591431556948798,10,3,2
878,1.1424569851609783,1.2591431556948798,10,3,2
879,1.1424569851609783,1.2591431556948798,10,3,2
880,1.1424569851609783,1.2591431556948798,10,3,2
881,1.1424569851609783,1.2591431556948798,10,3,2
882,1.1424569851609783,1.2591431556948798,10,3,2
883,1.1424569851609783,1.2591431556948798,10,3,2
884,1.1424569851609783,1.2591431556948798,10,3,2
885,1.1424569851609783,1.2591431556948798,10,3,2
886,1.1424569851609783,1.2591431556948798,10,3,2
887,1.1424569851609783,1.2591431556948798,10,3,2
888,1.1424569851609783,1.2591431556948798,10,3,2
889,1.1424569851609783,1.2591431556948798,10,3,2
890,1.1424569851609783,1.2591431556948798,10,3,2
891,1.1424569851609783,1.2591431556948798,10,3,2
892,1.1424569851609783,1.2591431556948798,10,3,2
893,1.1424569851609783,1.2591431556948798,10,3,2
894,1.1424569851609783,1.2591431556948798,10,3,2
895,1.1424569851609783,1.2591431556948798,10,3,2
896,1.1424569851609783,1.2591431556948798,10,3,2
897,1.1424569851609783,1.2591431556948798,10,3,2
898,1.1424569851609783,1.2591431556948798,10,3,2
899,1.1424569851609783,1.2591431556948798,10,3,2
900,1.1424569851609783,1.2591431556948798,10,3,2
901,1.1424569851609783,1.2591431556948798,10,3,2
902,1.1424569851609783,1.2591431556948798,10,3,2
903,1.1424569851609783,1.2591431556948798,10,3,2
904,1.1424569851609783,1.2591431556948798,10,3,2
905,1.1424569851609783,1.2591431556948798,10,3,2
906,1.1424569851609783,1.2591431556948798,10,3,2
907,1.1424569851609783,1.2591431556948798,10,3,2
908,1.1424569851609783,1.2591431556948798,10,3,2
909,1.1424569851609783,1.2591431556948798,10,3,2
910,1.1424569851609783,1.2591431556948798,10,3,2
911,1.1424569851609783,1.2591431556948798,10,3,2
912,1.1424569851609783,1.2591431556948798,10,3,2
913,1.1424569851609783,1.2591431556948798,10,3,2
914,1.1424569851609783,1.2591431556948798,10,3,2
915,1.1424569851609783,1.2591431556948798,10,3,2
916,1.1424569851609783,1.2591431556948798,10,3,2
917,1.1424569851609783,1.2591431556948798,10,3,2
918,1.1424569851609783,1.2591431556948798,10,3,2
919,1.1424569851609783,1.2591431556948798,10,3,2
920,1.1424569851609783,1.2591431556948798,10,3,2
921,1.1424569851609783,1.2591431556948798,10,3,2
922,1.1424569851609783,1.2591431556948798,10,3,2
923,1.1424569851609783,1.2591431556948798,10,3,2
924,1.1424569851609783,1.2591431556948798,10,3,2
925,1.1424569851609783,1.2591431556948798,10,3,2
926,1.1424569851609783,1.2591431556948798,10,3,2
927,1.1424569851609783,1.2591431556948798,10,3,2
928,1.1424569851609783,1.2591431556948798,10,3,2
929,1.1424569851609783,1.2591431556948798,10,3,2
930,1.1424569851609783,1.2591431556948798,10,3,2
931,1.1424569851609783,1.2591431556948798,10,3,2
932,1.1424569851609783,1.2591431556948798,10,3,2
933,1.1424569851609783,1.2591431556948798,10,3,2
934,1.1424569851609783,1.2591431556948798,10,3,2
935,1.1424569851609783,1.2591431556948798,10,3,2
936,1.1424569851609783,1.2591431556948798,10,3,2
937,1.1424569851609783,1.2591431556948798,10,3,2
938,1.1424569851609783,1.2591431556948798,10,3,2
939,1.1424569851609783,1.2591431556948798,10,3,2
940,1.1424569851609783,1.2591431556948798,10,3,2
941,1.1424569851609783,1.2591431556948798,10,3,2
942,1.1424569851609783,1.2591431556948798,10,3,2
943,1.1424569851609783,1.2591431556948798,10,3,2
944,1.1424569851609783,1.2591431556948798,10,3,2
945,1.1424569851609783,1.2591431556948798,10,3,2
946,1.1424569851609783,1.2591431556948798,10,3,2
947,1.1424569851609783,1.2591431556948798,10,3,2
948,1.1424569851609783,1.2591431556948798,10,3,2
949,1.1424569851609783,1.2591431556948798,10,3,2
950,1.1424569851609783,1.2591431556948798,10,3,2
951,1.1424569851609783,1.2591431556948798,10,3,2
952,1.1424569851609783,1.2591431556948798,10,3,2
953,1.1424569851609783,1.2591431556948798,10,3,2
954,1.1424569851609783,1.2591431556948798,10,3,2
955,1.1424569851609783,1.2591431556948798,10,3,2
956,1.1424569851609783,1.2591431556948798,10,3,2
957,1.1424569851609783,1.2591431556948798,10,3,2
958,1.1424569851609783,1.2591431556948798,10,3,2
959,1.1424569851609783,1.2591431556948798,10,3,2
960,1.1424569851609783,1.2591431556948798,10,3,2
961,1.1424569851609783,1.2591431556948798,10,3,2
962,1.1424569851609783,1.2591431556948798,10,3,2
963,1.1424569851609783,1.2591431556948798,10,3,2
964,1.1424569851609783,1.2591431556948798,10,3,2
965,1.1424569851609783,1.2591431556948798,10,3,2
966,1.1424569851609783,1.2591431556948798,10,3,2
967,1.1424569851609783,1.2591431556948798,10,3,2
968,1.1424569851609783,1.2591431556948798,10,3,2
969,1.1424569851609783,1.2591431556948798,10,3,2
970,1.1424569851609783,1.2591431556948798,10,3,2
971,1.1424569851609783,1.2591431556948798,10,3,2
972,1.1424569851609783,1.2591431556948798,10,3,2
973,1.1424569851609783,1.2591431556948798,10,3,2
974,1.1424569851609783,1.2591431556948798,10,3,2
975,1.1424569851609783,1.2591431556948798,10,3,2
976,1.1424569851609783,1.2591431556948798,10,3,2
977,1.1424569851609783,1.2591431556948798,10,3,2
978,1.1424569851609783,1.2591431556948798,10,3,2
979,1.1424569851609783,1.2591431556948798,10,3,2
980,1.1424569851609783,1.2591431556948798,10,3,2
981,1.1424569851609783,1.2591431556948798,10,3,2
982,1.1424569851609783,1.2591431556948798,10,3,2
983,1.1424569851609783,1.2591431556948798,10,3,2
984,1.1424569851609783,1.2591431556948798,10,3,2
985,1.1424569851609783,1.2591431556948798,10,3,2
986,1.1424569851609783,1.2591431556948798,10,3,2
987,1.1424569851609783,1.2591431556948798,10,3,2
988,1.1424569851609783,1.2591431556948798,10,3,2
989,1.1424569851609783,1.2591431556948798,10,3,2
990,1.1424569851609783,1.2591431556948798,10,3,2
991,1.1424569851609783,1.2591431556948798,10,3,2
992,1.1424569851609783,1.2591431556948798,10,3,2
993,1.1424569851609783,1.2591431556948798,10,3,2
994,1.1424569851609783,1.2591431556948798,10,3,2
995,1.1424569851609783,1.2591431556948798,10,3,2
996,1.1424569851609783,1.2591431556948798,10,3,2
997,1.1424569851609783,1.2591431556948798,10,3,2
998,1.1424569851609783,1.2591431556948798,10,3,2
999,1.1424569851609783,1.2591431556948798,10,3,2
1000,1.1424569851609783,1.2591431556948798,10,3,2
1001,1.1424569851609783,1.2591431556948798,10,3,2
1002,1.1424569851609783,1.2591431556948798,10,3,2
1003,1.1424569851609783,1.2591431556948798,10,3,2
1004,1.1424569851609783,1.2591431556948798,10,3,2
1005,1.1424569851609783,1.2591431556948798,10,3,2
1006,1.1424569851609783,1.2591431556948798,10,3,2
1007,1.1424569851609783,1.2591431556948798,10,3,2
1008,1.1424569851609783,1.2591431556948798,10,3,2
1009,1.1424569851609783,1.2591431556948798,10,3,2
1010,1.1424569851609783,1.2591431556948798,10,3,2
1011,1.1424569851609783,1.2591431556948798,10,3,2
1012,1.1424569851609783,1.2591431556948798,10,3,2
1013,1.1424569851609783,1.2591431556948798,10,3,2
1014,1.1424569851609783,1.2591431556948798,10,3,2
1015,1.1424569851609783,1.2591431556948798,10,3,2
1016,1.1424569851609783,1.2591431556948798,10,3,2
1017,1.1424569851609783,1.2591431556948798,10,3,2
1018,1.1424569851609783,1.2591431556948798,10,3,2
1019,1.1424569851609783,1.2591431556948798,10,3,2
1020,1.1424569851609783,1.2591431556948798,10,3,2
1021,1.1424569851609783,1.2591431556948798,10,3,2
1022,1.1424569851609783,1.2591431556948798,10,3,2
1023,1.1424569851609783,1.2591431556948798,10,3,2
1024,1.1424569851609783,1.2591431556948798,10,3,2
1025,1.1424569851609783,1.2591431556948798,10,3,2
1026,1.1424569851609783,1.2591431556948798,10,3,2
1027,1.1424569851609783,1.2591431556948798,10,3,2
1028,1.1424569851609783,1.2591431556948798,10,3,2
1029,1.1424569851609783,1.2591431556948798,10,3,2
1030,1.1424569851609783,1.2591431556948798,10,3,2
1031,1.1424569851609783,1.2591431556948798,10,3,2
1032,1.1424569851609783,1.2591431556948798,10,3,2
1033,1.1424569851609783,1.2591431556948798,10,3,2
1034,1.1424569851609783,1.2591431556948798,10,3,2
1035,1.1424569851609783,1.2591431556948798,10,3,2
1036,1.1424569851609783,1.2591431556948798,10,3,2
1037,1.1424569851609783,1.2591431556948798,10,3,2
1038,1.1424569851609783,1.2591431556948798,10,3,2
1039,1.1424569851609783,1.2591431556948798,10,3,2
1040,1.1424569851609783,1.2591431556948798,10,3,2
1041,1.1424569851609783,1.2591431556948798,10,3,2
1042,1.1424569851609783,1.2591431556948798,10,3,2
1043,1.1424569851609783,1.2591431556948798,10,3,2
1044,1.1424569851609783,1.2591431556948798,10,3,2
1045,1.1424569851609783,1.2591431556948798,10,3,2
1046,1.1424569851609783,1.2591431556948798,10,3,2
1047,1.1424569851609783,1.2591431556948798,10,3,2
1048,1.1424569851609783,1.2591431556948798,10,3,2
1049,1.1424569851609783,1.2591431556948798,10,3,2
1050,1.1424569851609783,1.2591431556948798,10,3,2
1051,1.1424569851609783,1.2591431556948798,10,3,2
1052,1.1424569851609783,1.2591431556948798,10,3,2
1053,1.1424569851609783,1.2591431556948798,10,3,2
1054,1.1424569851609783,1.2591431556948798,10,3,2
1055,1.1424569851609783,1.2591431556948798,10,3,2
1056,1.1424569851609783,1.2591431556948798,10,3,2
1057,1.1424569851609783,1.2591431556948798,10,3,2
1058,1.1424569851609783,1.2591431556948798,10,3,2
1059,1.1424569851609783,1.2591431556948798,10,3,2
1060,1.1424569851609783,1.2591431556948798,10,3,2
1061,1.1424569851609783,1.2591431556948798,10,3,2
1062,1.1424569851609783,1.2591431556948798,10,3,2
1063,1.1424569851609783,1.2591431556948798,10,3,2
1064,1.1424569851609783,1.2591431556948798,10,3,2
1065,1.1424569851609783,1.2591431556948798,10,3,2
1066,1.1424569851609783,1.2591431556948798,10,3,2
1067,1.1424569851609783,1.2591431556948798,10,3,2
1068,1.1424569851609783,1.2591431556948798,10,3,2
1069,1.1424569851609783,1.2591431556948798,10,3,2
1070,1.1424569851609783,1.2591431556948798,10,3,2
1071,1.1424569851609783,1.2591431556948798,10,3,2
1072,1.1424569851609783,1.2591431556948798,10,3,2
1073,1.1424569851609783,1.2591431556948798,10,3,2
1074,1.1424569851609783,1.2591431556948798,10,3,2
1075,1.1424569851609783,1.2591431556948798,10,3,2
1076,1.1424569851609783,1.2591431556948798,10,3,2
1077,1.1424569851609783,1.2591431556948798,10,3,2
1078,1.1424569851609783,1.2591431556948798,10,3,2
1079,1.1424569851609783,1.2591431556948798,10,3,2
1080,1.1424569851609783,1.2591431556948798,10,3,2
1081,1.1424569851609783,1.2591431556948798,10,3,2
1082,1.1424569851609783,1.2591431556948798,10,3,2
1083,1.1424569851609783,1.2591431556948798,10,3,2
1084,1.1424569851609783,1.2591431556948798,10,3,2
1085,1.1424569851609783,1.2591431556948798,10,3,2
1086,1.1424569851609783,1.2591431556948798,10,3,2
1087,1.1424569851609783,1.2591431556948798,10,3,2
1088,1.1424569851609783,1.2591431556948798,10,3,2
1089,1.1424569851609783,1.2591431556948798,10,3,2
1090,1.1424569851609783,1.2591431556948798,10,3,2
1091,1.1424569851609783,1.2591431556948798,10,3,2
1092,1.1424569851609783,1.2591431556948798,10,3,2
1093,1.1424569851609783,1.2591431556948798,10,3,2
1094,1.1424569851609783,1.2591431556948798,10,3,2
1095,1.1424569851609783,1.2591431556948798,10,3,2
1096,1.1424569851609783,1.2591431556948798,10,3,2
1097,1.1424569851609783,1.2591431556948798,10,3,2
1098,1.1424569851609783,1.2591431556948798,10,3,2
1099,1.1424569851609783,1.2591431556948798,10,3,2
1100,1.1424569851609783,1.2591431556948798,10,3,2
1101,1.1424569851609783,1.2591431556948798,10,3,2
1102,1.1424569851609783,1.2591431556948798,10,3,2
1103,1.1424569851609783,1.2591431556948798,10,3,2
1104,1.1424569851609783,1.2591431556948798,10,3,2
1105,1.1424569851609783,1.2591431556948798,10,3,2
1106,1.1424569851609783,1.2591431556948798,10,3,2
1107,1.1424569851609783,1.2591431556948798,10,3,2
1108,1.1424569851609783,1.2591431556948798,10,3,2
1109,1.1424569851609783,1.2591431556948798,10,3,2
1110,1.1424569851609783,1.2591431556948798,10,3,2
1111,1.1424569851609783,1.2591431556948798,10,3,2
1112,1.1424569851609783,1.2591431556948798,10,3,2
1113,1.1424569851609783,1.2591431556948798,10,3,2
1114,1.1424569851609783,1.2591431556948798,10,3,2
1115,1.1424569851609783,1.2591431556948798,10,3,2
1116,1.1424569851609783,1.2591431556948798,10,3,2
1117,1.1424569851609783,1.2591431556948798,10,3,2
1118,1.1424569851609783,1.2591431556948798,10,3,2
1119,1.1424569851609783,1.2591431556948798,10,3,2
1120,1.1424569851609783,1.2591431556948798,10,3,2
1121,1.1424569851609783,1.2591431556948798,10,3,2
1122,1.1424569851609783,1.2591431556948798,10,3,2
1123,1.1424569851609783,1.2591431556948798,10,3,2
1124,1.1424569851609783,1.2591431556948798,10,3,2
1125,1.1424569851609783,1.2591431556948798,10,3,2
1126,1.1424569851609783,1.2591431556948798,10,3,2
1127,1.1424569851609783,1.2591431556948798,10,3,2
1128,1.1424569851609783,1.2591431556948798,10,3,2
1129,1.1424569851609783,1.2591431556948798,10,3,2
1130,1.1424569851609783,1.2591431556948798,10,3,2
1131,1.1424569851609783,1.2591431556948798,10,3,2
1132,1.1424569851609783,1.2591431556948798,10,3,2
1133,1.1424569851609783,1.2591431556948798,10,3,2
1134,1.1424569851609783,1.2591431556948798,10,3,2
1135,1.1424569851609783,1.2591431556948798,10,3,2
1136,1.1424569851609783,1.2591431556948798,10,3,2
1137,1.1424569851609783,1.2591431556948798,10,3,2
1138,1.1424569851609783,1.2591431556948798,10,3,2
1139,1.1424569851609783,1.2591431556948798,10,3,2
1140,1.1424569851609783,1.2591431556948798,10,3,2
1141,1.1424569851609783,1.2591431556948798,10,3,2
1142,1.1424569851609783,1.2591431556948798,10,3,2
1143,1.1424569851609783,1.2591431556948798,10,3,2
1144,1.1424569851609783,1.2591431556948798,10,3,2
1145,1.1424569851609783,1.2591431556948798,10,3,2
1146,1.1424569851609783,1.2591431556948798,10,3,2
1147,1.1424569851609783,1.2591431556948798,10,3,2
1148,1.1424569851609783,1.2591431556948798,10,3,2
1149,1.1424569851609783,1.2591431556948798,10,3,2
1150,1.1424569851609783,1.2591431556948798,10,3,2
1151,1.1424569851609783,1.2591431556948798,10,3,2
1152,1.1424569851609783,1.2591431556948798,10,3,2
1153,1.1424569851609783,1.2591431556948798,10,3,2
1154,1.1424569851609783,1.2591431556948798,10,3,2
1155,1.1424569851609783,1.2591431556948798,10,3,2
1156,1.1424569851609783,1.2591431556948798,10,3,2
1157,1.1424569851609783,1.2591431556948798,10,3,2
1158,1.1424569851609783,1.2591431556948798,10,3,2
1159,1.1424569851609783,1.2591431556948798,10,3,2
1160,1.1424569851609783,1.2591431556948798,10,3,2
1161,1.1424569851609783,1.2591431556948798,10,3,2
1162,1.1424569851609783,1.2591431556948798,10,3,2
1163,1.1424569851609783,1.2591431556948798,10,3,2
1164,1.1424569851609783,1.2591431556948798,10,3,2
1165,1.1424569851609783,1.2591431556948798,10,3,2
1166,1.1424569851609783,1.2591431556948798,10,3,2
1167,1.1424569851609783,1.2591431556948798,10,3,2
1168,1.1424569851609783,1.2591431556948798,10,3,2
1169,1.1424569851609783,1.2591431556948798,10,3,2
1170,1.1424569851609783,1.2591431556948798,10,3,2
1171,1.1424569851609783,1.2591431556948798,10,3,2
1172,1.1424569851609783,1.2591431556948798,10,3,2
1173,1.1424569851609783,1.2591431556948798,10,3,2
1174,1.1424569851609783,1.2591431556948798,10,3,2
1175,1.1424569851609783,1.2591431556948798,10,3,2
1176,1.1424569851609783,1.2591431556948798,10,3,2
1177,1.1424569851609783,1.2591431556948798,10,3,2
1178,1.1424569851609783,1.2591431556948798,10,3,2
1179,1.1424569851609783,1.2591431556948798,10,3,2
1180,1.1424569851609783,1.2591431556948798,10,3,2
1181,1.1424569851609783,1.2591431556948798,10,3,2
1182,1.1424569851609783,1.2591431556948798,10,3,2
1183,1.1424569851609783,1.2591431556948798,10,3,2
1184,1.1424569851609783,1.2591431556948798,10,3,2
1185,1.1424569851609783,1.2591431556948798,10,3,2
1186,1.1424569851609783,1.2591431556948798,10,3,2
1187,1.1424569851609783,1.2591431556948798,10,3,2
1188,1.1424569851609783,1.2591431556948798,10,3,2
1189,1.1424569851609783,1.2591431556948798,10,3,2
1190,1.1424569851609783,1.2591431556948798,10,3,2
1191,1.1424569851609783,1.2591431556948798,10,3,2
1192,1.1424569851609783,1.2591431556948798,10,3,2
1193,1.1424569851609783,1.2591431556948798,10,3,2
1194,1.1424569851609783,1.2591431556948798,10,3,2
1195,1.1424569851609783,1.2591431556948798,10,3,2
1196,1.1424569851609783,1.2591431556948798,10,3,2
1197,1.1424569851609783,1.2591431556948798,10,3,2
1198,1.1424569851609783,1.2591431556948798,10,3,2
1199,1.1424569851609783,1.2591431556948798,10,3,2
1200,1.1424569851609783,1.2591431556948798,10,3,2
