No_gen, Best, MQ, No_clus, max_clus, min_clus
0,1.0042882816950713,1.0263535551206784,3,8,8
1,1.06070079997281,1.084543088490457,5,5,4
2,1.06070079997281,1.084543088490457,5,5,4
3,1.0975644499052368,1.1284505479262033,3,10,6
4,1.0975644499052368,1.1284505479262033,3,10,6
5,1.2210367868475387,1.2570492265407518,4,8,4
6,1.6669543598172434,1.7314814814814814,3,12,3
7,1.6669543598172434,1.7314814814814814,3,12,3
8,1.6669543598172434,1.7314814814814814,3,12,3
9,1.6669543598172434,1.7314814814814814,3,12,3
10,1.6702130684877854,1.73490294751977,3,12,3
11,1.6702130684877854,1.73490294751977,3,12,3
12,1.6702130684877854,1.73490294751977,3,12,3
13,1.6938275340305546,1.7596968459732572,3,12,3
14,1.6938275340305546,1.7596968459732572,3,12,3
15,1.769936595142269,1.839607201309329,3,12,3
16,1.769936595142269,1.839607201309329,3,12,3
17,1.769936595142269,1.839607201309329,3,12,3
18,1.769936595142269,1.839607201309329,3,12,3
19,1.7699133876851632,1.8406233630172866,3,13,3
20,1.7801604793196606,1.8503417210313762,3,12,3
21,1.7801604793196606,1.8503417210313762,3,12,3
22,1.7801604793196606,1.8503417210313762,3,12,3
23,1.7801604793196606,1.8503417210313762,3,12,3
24,1.7801604793196606,1.8503417210313762,3,12,3
25,1.7801604793196606,1.8503417210313762,3,12,3
26,1.7801604793196606,1.8503417210313762,3,12,3
27,1.7801604793196606,1.8503417210313762,3,12,3
28,1.806868726591696,1.8783839212469235,3,12,3
29,1.806868726591696,1.8783839212469235,3,12,3
30,1.806868726591696,1.8783839212469235,3,12,3
31,1.806868726591696,1.8783839212469235,3,12,3
32,1.806868726591696,1.8783839212469235,3,12,3
33,1.806868726591696,1.8783839212469235,3,12,3
34,1.806868726591696,1.8783839212469235,3,12,3
35,1.806868726591696,1.8783839212469235,3,12,3
36,1.806868726591696,1.8783839212469235,3,12,3
37,1.806868726591696,1.8783839212469235,3,12,3
38,1.806868726591696,1.8783839212469235,3,12,3
39,1.806868726591696,1.8783839212469235,3,12,3
40,1.806868726591696,1.8783839212469235,3,12,3
41,1.806868726591696,1.8783839212469235,3,12,3
42,1.806868726591696,1.8783839212469235,3,12,3
43,1.806868726591696,1.8783839212469235,3,12,3
44,1.806868726591696,1.8783839212469235,3,12,3
45,1.806868726591696,1.8783839212469235,3,12,3
46,1.806868726591696,1.8783839212469235,3,12,3
47,1.806868726591696,1.8783839212469235,3,12,3
48,1.806868726591696,1.8783839212469235,3,12,3
49,1.806868726591696,1.8783839212469235,3,12,3
50,1.806868726591696,1.8783839212469235,3,12,3
51,1.806868726591696,1.8783839212469235,3,12,3
52,1.806868726591696,1.8783839212469235,3,12,3
53,1.806868726591696,1.8783839212469235,3,12,3
54,1.806868726591696,1.8783839212469235,3,12,3
55,1.806868726591696,1.8783839212469235,3,12,3
56,1.806868726591696,1.8783839212469235,3,12,3
57,1.806868726591696,1.8783839212469235,3,12,3
58,1.806868726591696,1.8783839212469235,3,12,3
59,1.806868726591696,1.8783839212469235,3,12,3
60,1.806868726591696,1.8783839212469235,3,12,3
61,1.806868726591696,1.8783839212469235,3,12,3
62,1.806868726591696,1.8783839212469235,3,12,3
63,1.806868726591696,1.8783839212469235,3,12,3
64,1.806868726591696,1.8783839212469235,3,12,3
65,1.806868726591696,1.8783839212469235,3,12,3
66,1.806868726591696,1.8783839212469235,3,12,3
67,1.806868726591696,1.8783839212469235,3,12,3
68,1.806868726591696,1.8783839212469235,3,12,3
69,1.806868726591696,1.8783839212469235,3,12,3
70,1.806868726591696,1.8783839212469235,3,12,3
71,1.806868726591696,1.8783839212469235,3,12,3
72,1.806868726591696,1.8783839212469235,3,12,3
73,1.806868726591696,1.8783839212469235,3,12,3
74,1.806868726591696,1.8783839212469235,3,12,3
75,1.806868726591696,1.8783839212469235,3,12,3
76,1.806868726591696,1.8783839212469235,3,12,3
77,1.806868726591696,1.8783839212469235,3,12,3
78,1.806868726591696,1.8783839212469235,3,12,3
79,1.806868726591696,1.8783839212469235,3,12,3
80,1.806868726591696,1.8783839212469235,3,12,3
81,1.806868726591696,1.8783839212469235,3,12,3
82,1.806868726591696,1.8783839212469235,3,12,3
83,1.806868726591696,1.8783839212469235,3,12,3
84,1.806868726591696,1.8783839212469235,3,12,3
85,1.806868726591696,1.8783839212469235,3,12,3
86,1.806868726591696,1.8783839212469235,3,12,3
87,1.806868726591696,1.8783839212469235,3,12,3
88,1.806868726591696,1.8783839212469235,3,12,3
89,1.806868726591696,1.8783839212469235,3,12,3
90,1.806868726591696,1.8783839212469235,3,12,3
91,1.806868726591696,1.8783839212469235,3,12,3
92,1.806868726591696,1.8783839212469235,3,12,3
93,1.806868726591696,1.8783839212469235,3,12,3
94,1.806868726591696,1.8783839212469235,3,12,3
95,1.806868726591696,1.8783839212469235,3,12,3
96,1.806868726591696,1.8783839212469235,3,12,3
97,1.806868726591696,1.8783839212469235,3,12,3
98,1.806868726591696,1.8783839212469235,3,12,3
99,1.806868726591696,1.8783839212469235,3,12,3
100,1.806868726591696,1.8783839212469235,3,12,3
101,1.806868726591696,1.8783839212469235,3,12,3
102,1.806868726591696,1.8783839212469235,3,12,3
103,1.806868726591696,1.8783839212469235,3,12,3
104,1.806868726591696,1.8783839212469235,3,12,3
105,1.806868726591696,1.8783839212469235,3,12,3
106,1.806868726591696,1.8783839212469235,3,12,3
107,1.806868726591696,1.8783839212469235,3,12,3
108,1.806868726591696,1.8783839212469235,3,12,3
109,1.806868726591696,1.8783839212469235,3,12,3
110,1.806868726591696,1.8783839212469235,3,12,3
111,1.806868726591696,1.8783839212469235,3,12,3
112,1.806868726591696,1.8783839212469235,3,12,3
113,1.806868726591696,1.8783839212469235,3,12,3
114,1.806868726591696,1.8783839212469235,3,12,3
115,1.806868726591696,1.8783839212469235,3,12,3
116,1.806868726591696,1.8783839212469235,3,12,3
117,1.806868726591696,1.8783839212469235,3,12,3
118,1.806868726591696,1.8783839212469235,3,12,3
119,1.806868726591696,1.8783839212469235,3,12,3
120,1.806868726591696,1.8783839212469235,3,12,3
121,1.806868726591696,1.8783839212469235,3,12,3
122,1.806868726591696,1.8783839212469235,3,12,3
123,1.806868726591696,1.8783839212469235,3,12,3
124,1.806868726591696,1.8783839212469235,3,12,3
125,1.806868726591696,1.8783839212469235,3,12,3
126,1.806868726591696,1.8783839212469235,3,12,3
127,1.806868726591696,1.8783839212469235,3,12,3
128,1.806868726591696,1.8783839212469235,3,12,3
129,1.806868726591696,1.8783839212469235,3,12,3
130,1.806868726591696,1.8783839212469235,3,12,3
131,1.806868726591696,1.8783839212469235,3,12,3
132,1.806868726591696,1.8783839212469235,3,12,3
133,1.806868726591696,1.8783839212469235,3,12,3
134,1.806868726591696,1.8783839212469235,3,12,3
135,1.806868726591696,1.8783839212469235,3,12,3
136,1.806868726591696,1.8783839212469235,3,12,3
137,1.806868726591696,1.8783839212469235,3,12,3
138,1.806868726591696,1.8783839212469235,3,12,3
139,1.806868726591696,1.8783839212469235,3,12,3
140,1.806868726591696,1.8783839212469235,3,12,3
141,1.806868726591696,1.8783839212469235,3,12,3
142,1.806868726591696,1.8783839212469235,3,12,3
143,1.806868726591696,1.8783839212469235,3,12,3
144,1.806868726591696,1.8783839212469235,3,12,3
145,1.806868726591696,1.8783839212469235,3,12,3
146,1.806868726591696,1.8783839212469235,3,12,3
147,1.806868726591696,1.8783839212469235,3,12,3
148,1.806868726591696,1.8783839212469235,3,12,3
149,1.806868726591696,1.8783839212469235,3,12,3
150,1.806868726591696,1.8783839212469235,3,12,3
151,1.806868726591696,1.8783839212469235,3,12,3
152,1.806868726591696,1.8783839212469235,3,12,3
153,1.806868726591696,1.8783839212469235,3,12,3
154,1.806868726591696,1.8783839212469235,3,12,3
155,1.806868726591696,1.8783839212469235,3,12,3
156,1.806868726591696,1.8783839212469235,3,12,3
157,1.806868726591696,1.8783839212469235,3,12,3
158,1.806868726591696,1.8783839212469235,3,12,3
159,1.806868726591696,1.8783839212469235,3,12,3
160,1.806868726591696,1.8783839212469235,3,12,3
161,1.806868726591696,1.8783839212469235,3,12,3
162,1.806868726591696,1.8783839212469235,3,12,3
163,1.806868726591696,1.8783839212469235,3,12,3
164,1.806868726591696,1.8783839212469235,3,12,3
165,1.806868726591696,1.8783839212469235,3,12,3
166,1.806868726591696,1.8783839212469235,3,12,3
167,1.806868726591696,1.8783839212469235,3,12,3
168,1.806868726591696,1.8783839212469235,3,12,3
169,1.806868726591696,1.8783839212469235,3,12,3
170,1.806868726591696,1.8783839212469235,3,12,3
171,1.806868726591696,1.8783839212469235,3,12,3
172,1.806868726591696,1.8783839212469235,3,12,3
173,1.806868726591696,1.8783839212469235,3,12,3
174,1.806868726591696,1.8783839212469235,3,12,3
175,1.806868726591696,1.8783839212469235,3,12,3
176,1.806868726591696,1.8783839212469235,3,12,3
177,1.806868726591696,1.8783839212469235,3,12,3
178,1.806868726591696,1.8783839212469235,3,12,3
179,1.806868726591696,1.8783839212469235,3,12,3
180,1.806868726591696,1.8783839212469235,3,12,3
181,1.806868726591696,1.8783839212469235,3,12,3
182,1.806868726591696,1.8783839212469235,3,12,3
183,1.806868726591696,1.8783839212469235,3,12,3
184,1.806868726591696,1.8783839212469235,3,12,3
185,1.806868726591696,1.8783839212469235,3,12,3
186,1.806868726591696,1.8783839212469235,3,12,3
187,1.806868726591696,1.8783839212469235,3,12,3
188,1.806868726591696,1.8783839212469235,3,12,3
189,1.806868726591696,1.8783839212469235,3,12,3
190,1.806868726591696,1.8783839212469235,3,12,3
191,1.806868726591696,1.8783839212469235,3,12,3
192,1.806868726591696,1.8783839212469235,3,12,3
193,1.806868726591696,1.8783839212469235,3,12,3
194,1.806868726591696,1.8783839212469235,3,12,3
195,1.806868726591696,1.8783839212469235,3,12,3
196,1.806868726591696,1.8783839212469235,3,12,3
197,1.806868726591696,1.8783839212469235,3,12,3
198,1.806868726591696,1.8783839212469235,3,12,3
199,1.806868726591696,1.8783839212469235,3,12,3
200,1.806868726591696,1.8783839212469235,3,12,3
201,1.806868726591696,1.8783839212469235,3,12,3
202,1.806868726591696,1.8783839212469235,3,12,3
203,1.806868726591696,1.8783839212469235,3,12,3
204,1.806868726591696,1.8783839212469235,3,12,3
205,1.806868726591696,1.8783839212469235,3,12,3
206,1.806868726591696,1.8783839212469235,3,12,3
207,1.806868726591696,1.8783839212469235,3,12,3
208,1.806868726591696,1.8783839212469235,3,12,3
209,1.806868726591696,1.8783839212469235,3,12,3
210,1.806868726591696,1.8783839212469235,3,12,3
211,1.806868726591696,1.8783839212469235,3,12,3
212,1.806868726591696,1.8783839212469235,3,12,3
213,1.806868726591696,1.8783839212469235,3,12,3
214,1.806868726591696,1.8783839212469235,3,12,3
215,1.806868726591696,1.8783839212469235,3,12,3
216,1.806868726591696,1.8783839212469235,3,12,3
217,1.806868726591696,1.8783839212469235,3,12,3
218,1.806868726591696,1.8783839212469235,3,12,3
219,1.806868726591696,1.8783839212469235,3,12,3
220,1.806868726591696,1.8783839212469235,3,12,3
221,1.806868726591696,1.8783839212469235,3,12,3
222,1.806868726591696,1.8783839212469235,3,12,3
223,1.806868726591696,1.8783839212469235,3,12,3
224,1.806868726591696,1.8783839212469235,3,12,3
225,1.806868726591696,1.8783839212469235,3,12,3
226,1.806868726591696,1.8783839212469235,3,12,3
227,1.806868726591696,1.8783839212469235,3,12,3
228,1.806868726591696,1.8783839212469235,3,12,3
229,1.806868726591696,1.8783839212469235,3,12,3
230,1.806868726591696,1.8783839212469235,3,12,3
231,1.806868726591696,1.8783839212469235,3,12,3
232,1.806868726591696,1.8783839212469235,3,12,3
233,1.806868726591696,1.8783839212469235,3,12,3
234,1.806868726591696,1.8783839212469235,3,12,3
235,1.806868726591696,1.8783839212469235,3,12,3
236,1.806868726591696,1.8783839212469235,3,12,3
237,1.806868726591696,1.8783839212469235,3,12,3
238,1.806868726591696,1.8783839212469235,3,12,3
239,1.806868726591696,1.8783839212469235,3,12,3
240,1.806868726591696,1.8783839212469235,3,12,3
241,1.806868726591696,1.8783839212469235,3,12,3
242,1.806868726591696,1.8783839212469235,3,12,3
243,1.806868726591696,1.8783839212469235,3,12,3
244,1.806868726591696,1.8783839212469235,3,12,3
245,1.806868726591696,1.8783839212469235,3,12,3
246,1.806868726591696,1.8783839212469235,3,12,3
247,1.806868726591696,1.8783839212469235,3,12,3
248,1.806868726591696,1.8783839212469235,3,12,3
249,1.806868726591696,1.8783839212469235,3,12,3
250,1.806868726591696,1.8783839212469235,3,12,3
251,1.806868726591696,1.8783839212469235,3,12,3
252,1.806868726591696,1.8783839212469235,3,12,3
253,1.806868726591696,1.8783839212469235,3,12,3
254,1.806868726591696,1.8783839212469235,3,12,3
255,1.806868726591696,1.8783839212469235,3,12,3
256,1.806868726591696,1.8783839212469235,3,12,3
257,1.806868726591696,1.8783839212469235,3,12,3
258,1.806868726591696,1.8783839212469235,3,12,3
259,1.806868726591696,1.8783839212469235,3,12,3
260,1.806868726591696,1.8783839212469235,3,12,3
261,1.806868726591696,1.8783839212469235,3,12,3
262,1.806868726591696,1.8783839212469235,3,12,3
263,1.806868726591696,1.8783839212469235,3,12,3
264,1.806868726591696,1.8783839212469235,3,12,3
265,1.806868726591696,1.8783839212469235,3,12,3
266,1.806868726591696,1.8783839212469235,3,12,3
267,1.806868726591696,1.8783839212469235,3,12,3
268,1.806868726591696,1.8783839212469235,3,12,3
269,1.806868726591696,1.8783839212469235,3,12,3
270,1.806868726591696,1.8783839212469235,3,12,3
271,1.806868726591696,1.8783839212469235,3,12,3
272,1.806868726591696,1.8783839212469235,3,12,3
273,1.806868726591696,1.8783839212469235,3,12,3
274,1.806868726591696,1.8783839212469235,3,12,3
275,1.806868726591696,1.8783839212469235,3,12,3
276,1.806868726591696,1.8783839212469235,3,12,3
277,1.806868726591696,1.8783839212469235,3,12,3
278,1.806868726591696,1.8783839212469235,3,12,3
279,1.806868726591696,1.8783839212469235,3,12,3
280,1.806868726591696,1.8783839212469235,3,12,3
281,1.806868726591696,1.8783839212469235,3,12,3
282,1.806868726591696,1.8783839212469235,3,12,3
283,1.806868726591696,1.8783839212469235,3,12,3
284,1.806868726591696,1.8783839212469235,3,12,3
285,1.806868726591696,1.8783839212469235,3,12,3
286,1.806868726591696,1.8783839212469235,3,12,3
287,1.806868726591696,1.8783839212469235,3,12,3
288,1.806868726591696,1.8783839212469235,3,12,3
289,1.806868726591696,1.8783839212469235,3,12,3
290,1.806868726591696,1.8783839212469235,3,12,3
291,1.806868726591696,1.8783839212469235,3,12,3
292,1.806868726591696,1.8783839212469235,3,12,3
293,1.806868726591696,1.8783839212469235,3,12,3
294,1.806868726591696,1.8783839212469235,3,12,3
295,1.806868726591696,1.8783839212469235,3,12,3
296,1.806868726591696,1.8783839212469235,3,12,3
297,1.806868726591696,1.8783839212469235,3,12,3
298,1.806868726591696,1.8783839212469235,3,12,3
299,1.806868726591696,1.8783839212469235,3,12,3
300,1.806868726591696,1.8783839212469235,3,12,3
301,1.806868726591696,1.8783839212469235,3,12,3
302,1.806868726591696,1.8783839212469235,3,12,3
303,1.806868726591696,1.8783839212469235,3,12,3
304,1.806868726591696,1.8783839212469235,3,12,3
305,1.806868726591696,1.8783839212469235,3,12,3
306,1.806868726591696,1.8783839212469235,3,12,3
307,1.806868726591696,1.8783839212469235,3,12,3
308,1.806868726591696,1.8783839212469235,3,12,3
309,1.806868726591696,1.8783839212469235,3,12,3
310,1.806868726591696,1.8783839212469235,3,12,3
311,1.806868726591696,1.8783839212469235,3,12,3
312,1.806868726591696,1.8783839212469235,3,12,3
313,1.806868726591696,1.8783839212469235,3,12,3
314,1.806868726591696,1.8783839212469235,3,12,3
315,1.806868726591696,1.8783839212469235,3,12,3
316,1.806868726591696,1.8783839212469235,3,12,3
317,1.806868726591696,1.8783839212469235,3,12,3
318,1.806868726591696,1.8783839212469235,3,12,3
319,1.806868726591696,1.8783839212469235,3,12,3
320,1.806868726591696,1.8783839212469235,3,12,3
321,1.806868726591696,1.8783839212469235,3,12,3
322,1.806868726591696,1.8783839212469235,3,12,3
323,1.806868726591696,1.8783839212469235,3,12,3
324,1.806868726591696,1.8783839212469235,3,12,3
325,1.806868726591696,1.8783839212469235,3,12,3
326,1.806868726591696,1.8783839212469235,3,12,3
327,1.806868726591696,1.8783839212469235,3,12,3
328,1.806868726591696,1.8783839212469235,3,12,3
329,1.806868726591696,1.8783839212469235,3,12,3
330,1.806868726591696,1.8783839212469235,3,12,3
331,1.806868726591696,1.8783839212469235,3,12,3
332,1.806868726591696,1.8783839212469235,3,12,3
333,1.806868726591696,1.8783839212469235,3,12,3
334,1.806868726591696,1.8783839212469235,3,12,3
335,1.806868726591696,1.8783839212469235,3,12,3
336,1.806868726591696,1.8783839212469235,3,12,3
337,1.806868726591696,1.8783839212469235,3,12,3
338,1.806868726591696,1.8783839212469235,3,12,3
339,1.806868726591696,1.8783839212469235,3,12,3
340,1.806868726591696,1.8783839212469235,3,12,3
341,1.806868726591696,1.8783839212469235,3,12,3
342,1.806868726591696,1.8783839212469235,3,12,3
343,1.806868726591696,1.8783839212469235,3,12,3
344,1.806868726591696,1.8783839212469235,3,12,3
345,1.806868726591696,1.8783839212469235,3,12,3
346,1.806868726591696,1.8783839212469235,3,12,3
347,1.806868726591696,1.8783839212469235,3,12,3
348,1.806868726591696,1.8783839212469235,3,12,3
349,1.806868726591696,1.8783839212469235,3,12,3
350,1.806868726591696,1.8783839212469235,3,12,3
351,1.806868726591696,1.8783839212469235,3,12,3
352,1.806868726591696,1.8783839212469235,3,12,3
353,1.806868726591696,1.8783839212469235,3,12,3
354,1.806868726591696,1.8783839212469235,3,12,3
355,1.806868726591696,1.8783839212469235,3,12,3
356,1.806868726591696,1.8783839212469235,3,12,3
357,1.806868726591696,1.8783839212469235,3,12,3
358,1.806868726591696,1.8783839212469235,3,12,3
359,1.806868726591696,1.8783839212469235,3,12,3
360,1.806868726591696,1.8783839212469235,3,12,3
361,1.806868726591696,1.8783839212469235,3,12,3
362,1.806868726591696,1.8783839212469235,3,12,3
363,1.806868726591696,1.8783839212469235,3,12,3
364,1.806868726591696,1.8783839212469235,3,12,3
365,1.806868726591696,1.8783839212469235,3,12,3
366,1.806868726591696,1.8783839212469235,3,12,3
367,1.806868726591696,1.8783839212469235,3,12,3
368,1.806868726591696,1.8783839212469235,3,12,3
369,1.806868726591696,1.8783839212469235,3,12,3
370,1.806868726591696,1.8783839212469235,3,12,3
371,1.806868726591696,1.8783839212469235,3,12,3
372,1.806868726591696,1.8783839212469235,3,12,3
373,1.806868726591696,1.8783839212469235,3,12,3
374,1.806868726591696,1.8783839212469235,3,12,3
375,1.806868726591696,1.8783839212469235,3,12,3
376,1.806868726591696,1.8783839212469235,3,12,3
377,1.806868726591696,1.8783839212469235,3,12,3
378,1.806868726591696,1.8783839212469235,3,12,3
379,1.806868726591696,1.8783839212469235,3,12,3
380,1.806868726591696,1.8783839212469235,3,12,3
381,1.806868726591696,1.8783839212469235,3,12,3
382,1.806868726591696,1.8783839212469235,3,12,3
383,1.806868726591696,1.8783839212469235,3,12,3
384,1.806868726591696,1.8783839212469235,3,12,3
385,1.806868726591696,1.8783839212469235,3,12,3
386,1.806868726591696,1.8783839212469235,3,12,3
387,1.806868726591696,1.8783839212469235,3,12,3
388,1.806868726591696,1.8783839212469235,3,12,3
389,1.806868726591696,1.8783839212469235,3,12,3
390,1.806868726591696,1.8783839212469235,3,12,3
391,1.806868726591696,1.8783839212469235,3,12,3
392,1.806868726591696,1.8783839212469235,3,12,3
393,1.806868726591696,1.8783839212469235,3,12,3
394,1.806868726591696,1.8783839212469235,3,12,3
395,1.806868726591696,1.8783839212469235,3,12,3
396,1.806868726591696,1.8783839212469235,3,12,3
397,1.806868726591696,1.8783839212469235,3,12,3
398,1.806868726591696,1.8783839212469235,3,12,3
399,1.806868726591696,1.8783839212469235,3,12,3
400,1.806868726591696,1.8783839212469235,3,12,3
401,1.806868726591696,1.8783839212469235,3,12,3
402,1.806868726591696,1.8783839212469235,3,12,3
403,1.806868726591696,1.8783839212469235,3,12,3
404,1.806868726591696,1.8783839212469235,3,12,3
405,1.806868726591696,1.8783839212469235,3,12,3
406,1.806868726591696,1.8783839212469235,3,12,3
407,1.806868726591696,1.8783839212469235,3,12,3
408,1.806868726591696,1.8783839212469235,3,12,3
409,1.806868726591696,1.8783839212469235,3,12,3
410,1.806868726591696,1.8783839212469235,3,12,3
411,1.806868726591696,1.8783839212469235,3,12,3
412,1.806868726591696,1.8783839212469235,3,12,3
413,1.806868726591696,1.8783839212469235,3,12,3
414,1.806868726591696,1.8783839212469235,3,12,3
415,1.806868726591696,1.8783839212469235,3,12,3
416,1.806868726591696,1.8783839212469235,3,12,3
417,1.806868726591696,1.8783839212469235,3,12,3
418,1.806868726591696,1.8783839212469235,3,12,3
419,1.806868726591696,1.8783839212469235,3,12,3
420,1.806868726591696,1.8783839212469235,3,12,3
421,1.806868726591696,1.8783839212469235,3,12,3
422,1.806868726591696,1.8783839212469235,3,12,3
423,1.806868726591696,1.8783839212469235,3,12,3
424,1.806868726591696,1.8783839212469235,3,12,3
425,1.806868726591696,1.8783839212469235,3,12,3
426,1.806868726591696,1.8783839212469235,3,12,3
427,1.806868726591696,1.8783839212469235,3,12,3
428,1.806868726591696,1.8783839212469235,3,12,3
429,1.806868726591696,1.8783839212469235,3,12,3
430,1.806868726591696,1.8783839212469235,3,12,3
431,1.806868726591696,1.8783839212469235,3,12,3
432,1.806868726591696,1.8783839212469235,3,12,3
433,1.806868726591696,1.8783839212469235,3,12,3
434,1.806868726591696,1.8783839212469235,3,12,3
435,1.806868726591696,1.8783839212469235,3,12,3
436,1.806868726591696,1.8783839212469235,3,12,3
437,1.806868726591696,1.8783839212469235,3,12,3
438,1.806868726591696,1.8783839212469235,3,12,3
439,1.806868726591696,1.8783839212469235,3,12,3
440,1.806868726591696,1.8783839212469235,3,12,3
441,1.806868726591696,1.8783839212469235,3,12,3
442,1.806868726591696,1.8783839212469235,3,12,3
443,1.806868726591696,1.8783839212469235,3,12,3
444,1.806868726591696,1.8783839212469235,3,12,3
445,1.806868726591696,1.8783839212469235,3,12,3
446,1.806868726591696,1.8783839212469235,3,12,3
447,1.806868726591696,1.8783839212469235,3,12,3
448,1.806868726591696,1.8783839212469235,3,12,3
449,1.806868726591696,1.8783839212469235,3,12,3
450,1.806868726591696,1.8783839212469235,3,12,3
451,1.806868726591696,1.8783839212469235,3,12,3
452,1.806868726591696,1.8783839212469235,3,12,3
453,1.806868726591696,1.8783839212469235,3,12,3
454,1.806868726591696,1.8783839212469235,3,12,3
455,1.806868726591696,1.8783839212469235,3,12,3
456,1.806868726591696,1.8783839212469235,3,12,3
457,1.806868726591696,1.8783839212469235,3,12,3
458,1.806868726591696,1.8783839212469235,3,12,3
459,1.806868726591696,1.8783839212469235,3,12,3
460,1.806868726591696,1.8783839212469235,3,12,3
461,1.806868726591696,1.8783839212469235,3,12,3
462,1.806868726591696,1.8783839212469235,3,12,3
463,1.806868726591696,1.8783839212469235,3,12,3
464,1.806868726591696,1.8783839212469235,3,12,3
465,1.806868726591696,1.8783839212469235,3,12,3
466,1.806868726591696,1.8783839212469235,3,12,3
467,1.806868726591696,1.8783839212469235,3,12,3
468,1.806868726591696,1.8783839212469235,3,12,3
469,1.806868726591696,1.8783839212469235,3,12,3
470,1.806868726591696,1.8783839212469235,3,12,3
471,1.806868726591696,1.8783839212469235,3,12,3
472,1.806868726591696,1.8783839212469235,3,12,3
473,1.806868726591696,1.8783839212469235,3,12,3
474,1.806868726591696,1.8783839212469235,3,12,3
475,1.806868726591696,1.8783839212469235,3,12,3
476,1.806868726591696,1.8783839212469235,3,12,3
477,1.806868726591696,1.8783839212469235,3,12,3
478,1.806868726591696,1.8783839212469235,3,12,3
479,1.806868726591696,1.8783839212469235,3,12,3
480,1.806868726591696,1.8783839212469235,3,12,3
481,1.806868726591696,1.8783839212469235,3,12,3
482,1.806868726591696,1.8783839212469235,3,12,3
483,1.806868726591696,1.8783839212469235,3,12,3
484,1.806868726591696,1.8783839212469235,3,12,3
485,1.806868726591696,1.8783839212469235,3,12,3
486,1.806868726591696,1.8783839212469235,3,12,3
487,1.806868726591696,1.8783839212469235,3,12,3
488,1.806868726591696,1.8783839212469235,3,12,3
489,1.806868726591696,1.8783839212469235,3,12,3
490,1.806868726591696,1.8783839212469235,3,12,3
491,1.806868726591696,1.8783839212469235,3,12,3
492,1.806868726591696,1.8783839212469235,3,12,3
493,1.806868726591696,1.8783839212469235,3,12,3
494,1.806868726591696,1.8783839212469235,3,12,3
495,1.806868726591696,1.8783839212469235,3,12,3
496,1.806868726591696,1.8783839212469235,3,12,3
497,1.806868726591696,1.8783839212469235,3,12,3
498,1.806868726591696,1.8783839212469235,3,12,3
499,1.806868726591696,1.8783839212469235,3,12,3
500,1.806868726591696,1.8783839212469235,3,12,3
501,1.806868726591696,1.8783839212469235,3,12,3
502,1.806868726591696,1.8783839212469235,3,12,3
503,1.806868726591696,1.8783839212469235,3,12,3
504,1.806868726591696,1.8783839212469235,3,12,3
505,1.806868726591696,1.8783839212469235,3,12,3
506,1.806868726591696,1.8783839212469235,3,12,3
507,1.806868726591696,1.8783839212469235,3,12,3
508,1.806868726591696,1.8783839212469235,3,12,3
509,1.806868726591696,1.8783839212469235,3,12,3
510,1.806868726591696,1.8783839212469235,3,12,3
511,1.806868726591696,1.8783839212469235,3,12,3
512,1.806868726591696,1.8783839212469235,3,12,3
513,1.806868726591696,1.8783839212469235,3,12,3
514,1.806868726591696,1.8783839212469235,3,12,3
515,1.806868726591696,1.8783839212469235,3,12,3
516,1.806868726591696,1.8783839212469235,3,12,3
517,1.806868726591696,1.8783839212469235,3,12,3
518,1.806868726591696,1.8783839212469235,3,12,3
519,1.806868726591696,1.8783839212469235,3,12,3
520,1.806868726591696,1.8783839212469235,3,12,3
521,1.806868726591696,1.8783839212469235,3,12,3
522,1.806868726591696,1.8783839212469235,3,12,3
523,1.806868726591696,1.8783839212469235,3,12,3
524,1.806868726591696,1.8783839212469235,3,12,3
525,1.806868726591696,1.8783839212469235,3,12,3
526,1.806868726591696,1.8783839212469235,3,12,3
527,1.806868726591696,1.8783839212469235,3,12,3
528,1.806868726591696,1.8783839212469235,3,12,3
529,1.806868726591696,1.8783839212469235,3,12,3
530,1.806868726591696,1.8783839212469235,3,12,3
531,1.806868726591696,1.8783839212469235,3,12,3
532,1.806868726591696,1.8783839212469235,3,12,3
533,1.806868726591696,1.8783839212469235,3,12,3
534,1.806868726591696,1.8783839212469235,3,12,3
535,1.806868726591696,1.8783839212469235,3,12,3
536,1.806868726591696,1.8783839212469235,3,12,3
537,1.806868726591696,1.8783839212469235,3,12,3
538,1.806868726591696,1.8783839212469235,3,12,3
539,1.806868726591696,1.8783839212469235,3,12,3
540,1.806868726591696,1.8783839212469235,3,12,3
541,1.806868726591696,1.8783839212469235,3,12,3
542,1.806868726591696,1.8783839212469235,3,12,3
543,1.806868726591696,1.8783839212469235,3,12,3
544,1.806868726591696,1.8783839212469235,3,12,3
545,1.806868726591696,1.8783839212469235,3,12,3
546,1.806868726591696,1.8783839212469235,3,12,3
547,1.806868726591696,1.8783839212469235,3,12,3
548,1.806868726591696,1.8783839212469235,3,12,3
549,1.806868726591696,1.8783839212469235,3,12,3
550,1.806868726591696,1.8783839212469235,3,12,3
551,1.806868726591696,1.8783839212469235,3,12,3
552,1.806868726591696,1.8783839212469235,3,12,3
553,1.806868726591696,1.8783839212469235,3,12,3
554,1.806868726591696,1.8783839212469235,3,12,3
555,1.806868726591696,1.8783839212469235,3,12,3
556,1.806868726591696,1.8783839212469235,3,12,3
557,1.806868726591696,1.8783839212469235,3,12,3
558,1.806868726591696,1.8783839212469235,3,12,3
559,1.806868726591696,1.8783839212469235,3,12,3
560,1.806868726591696,1.8783839212469235,3,12,3
561,1.806868726591696,1.8783839212469235,3,12,3
562,1.806868726591696,1.8783839212469235,3,12,3
563,1.806868726591696,1.8783839212469235,3,12,3
564,1.806868726591696,1.8783839212469235,3,12,3
565,1.806868726591696,1.8783839212469235,3,12,3
566,1.806868726591696,1.8783839212469235,3,12,3
567,1.806868726591696,1.8783839212469235,3,12,3
568,1.806868726591696,1.8783839212469235,3,12,3
569,1.806868726591696,1.8783839212469235,3,12,3
570,1.806868726591696,1.8783839212469235,3,12,3
571,1.806868726591696,1.8783839212469235,3,12,3
572,1.806868726591696,1.8783839212469235,3,12,3
573,1.806868726591696,1.8783839212469235,3,12,3
574,1.806868726591696,1.8783839212469235,3,12,3
575,1.806868726591696,1.8783839212469235,3,12,3
576,1.806868726591696,1.8783839212469235,3,12,3
577,1.806868726591696,1.8783839212469235,3,12,3
578,1.806868726591696,1.8783839212469235,3,12,3
579,1.806868726591696,1.8783839212469235,3,12,3
580,1.806868726591696,1.8783839212469235,3,12,3
581,1.806868726591696,1.8783839212469235,3,12,3
582,1.806868726591696,1.8783839212469235,3,12,3
583,1.806868726591696,1.8783839212469235,3,12,3
584,1.806868726591696,1.8783839212469235,3,12,3
585,1.806868726591696,1.8783839212469235,3,12,3
586,1.806868726591696,1.8783839212469235,3,12,3
587,1.806868726591696,1.8783839212469235,3,12,3
588,1.806868726591696,1.8783839212469235,3,12,3
589,1.806868726591696,1.8783839212469235,3,12,3
590,1.806868726591696,1.8783839212469235,3,12,3
591,1.806868726591696,1.8783839212469235,3,12,3
592,1.806868726591696,1.8783839212469235,3,12,3
593,1.806868726591696,1.8783839212469235,3,12,3
594,1.806868726591696,1.8783839212469235,3,12,3
595,1.806868726591696,1.8783839212469235,3,12,3
596,1.806868726591696,1.8783839212469235,3,12,3
597,1.806868726591696,1.8783839212469235,3,12,3
598,1.806868726591696,1.8783839212469235,3,12,3
599,1.806868726591696,1.8783839212469235,3,12,3
600,1.806868726591696,1.8783839212469235,3,12,3
601,1.806868726591696,1.8783839212469235,3,12,3
602,1.806868726591696,1.8783839212469235,3,12,3
603,1.806868726591696,1.8783839212469235,3,12,3
604,1.806868726591696,1.8783839212469235,3,12,3
605,1.806868726591696,1.8783839212469235,3,12,3
606,1.806868726591696,1.8783839212469235,3,12,3
607,1.806868726591696,1.8783839212469235,3,12,3
608,1.806868726591696,1.8783839212469235,3,12,3
609,1.806868726591696,1.8783839212469235,3,12,3
610,1.806868726591696,1.8783839212469235,3,12,3
611,1.806868726591696,1.8783839212469235,3,12,3
612,1.806868726591696,1.8783839212469235,3,12,3
613,1.806868726591696,1.8783839212469235,3,12,3
614,1.806868726591696,1.8783839212469235,3,12,3
615,1.806868726591696,1.8783839212469235,3,12,3
616,1.806868726591696,1.8783839212469235,3,12,3
617,1.806868726591696,1.8783839212469235,3,12,3
618,1.806868726591696,1.8783839212469235,3,12,3
619,1.806868726591696,1.8783839212469235,3,12,3
620,1.806868726591696,1.8783839212469235,3,12,3
621,1.806868726591696,1.8783839212469235,3,12,3
622,1.806868726591696,1.8783839212469235,3,12,3
623,1.806868726591696,1.8783839212469235,3,12,3
624,1.806868726591696,1.8783839212469235,3,12,3
625,1.806868726591696,1.8783839212469235,3,12,3
626,1.806868726591696,1.8783839212469235,3,12,3
627,1.806868726591696,1.8783839212469235,3,12,3
628,1.806868726591696,1.8783839212469235,3,12,3
629,1.806868726591696,1.8783839212469235,3,12,3
630,1.806868726591696,1.8783839212469235,3,12,3
631,1.806868726591696,1.8783839212469235,3,12,3
632,1.806868726591696,1.8783839212469235,3,12,3
633,1.806868726591696,1.8783839212469235,3,12,3
634,1.806868726591696,1.8783839212469235,3,12,3
635,1.806868726591696,1.8783839212469235,3,12,3
636,1.806868726591696,1.8783839212469235,3,12,3
637,1.806868726591696,1.8783839212469235,3,12,3
638,1.806868726591696,1.8783839212469235,3,12,3
639,1.806868726591696,1.8783839212469235,3,12,3
640,1.806868726591696,1.8783839212469235,3,12,3
641,1.806868726591696,1.8783839212469235,3,12,3
642,1.806868726591696,1.8783839212469235,3,12,3
643,1.806868726591696,1.8783839212469235,3,12,3
644,1.806868726591696,1.8783839212469235,3,12,3
645,1.806868726591696,1.8783839212469235,3,12,3
646,1.806868726591696,1.8783839212469235,3,12,3
647,1.806868726591696,1.8783839212469235,3,12,3
648,1.806868726591696,1.8783839212469235,3,12,3
649,1.806868726591696,1.8783839212469235,3,12,3
650,1.806868726591696,1.8783839212469235,3,12,3
651,1.806868726591696,1.8783839212469235,3,12,3
652,1.806868726591696,1.8783839212469235,3,12,3
653,1.806868726591696,1.8783839212469235,3,12,3
654,1.806868726591696,1.8783839212469235,3,12,3
655,1.806868726591696,1.8783839212469235,3,12,3
656,1.806868726591696,1.8783839212469235,3,12,3
657,1.806868726591696,1.8783839212469235,3,12,3
658,1.806868726591696,1.8783839212469235,3,12,3
659,1.806868726591696,1.8783839212469235,3,12,3
660,1.806868726591696,1.8783839212469235,3,12,3
661,1.806868726591696,1.8783839212469235,3,12,3
662,1.806868726591696,1.8783839212469235,3,12,3
663,1.806868726591696,1.8783839212469235,3,12,3
664,1.806868726591696,1.8783839212469235,3,12,3
665,1.806868726591696,1.8783839212469235,3,12,3
666,1.806868726591696,1.8783839212469235,3,12,3
667,1.806868726591696,1.8783839212469235,3,12,3
668,1.806868726591696,1.8783839212469235,3,12,3
669,1.806868726591696,1.8783839212469235,3,12,3
670,1.806868726591696,1.8783839212469235,3,12,3
671,1.806868726591696,1.8783839212469235,3,12,3
672,1.806868726591696,1.8783839212469235,3,12,3
673,1.806868726591696,1.8783839212469235,3,12,3
674,1.806868726591696,1.8783839212469235,3,12,3
675,1.806868726591696,1.8783839212469235,3,12,3
676,1.806868726591696,1.8783839212469235,3,12,3
677,1.806868726591696,1.8783839212469235,3,12,3
678,1.806868726591696,1.8783839212469235,3,12,3
679,1.806868726591696,1.8783839212469235,3,12,3
680,1.806868726591696,1.8783839212469235,3,12,3
681,1.806868726591696,1.8783839212469235,3,12,3
682,1.806868726591696,1.8783839212469235,3,12,3
683,1.806868726591696,1.8783839212469235,3,12,3
684,1.806868726591696,1.8783839212469235,3,12,3
685,1.806868726591696,1.8783839212469235,3,12,3
686,1.806868726591696,1.8783839212469235,3,12,3
687,1.806868726591696,1.8783839212469235,3,12,3
688,1.806868726591696,1.8783839212469235,3,12,3
689,1.806868726591696,1.8783839212469235,3,12,3
690,1.806868726591696,1.8783839212469235,3,12,3
691,1.806868726591696,1.8783839212469235,3,12,3
692,1.806868726591696,1.8783839212469235,3,12,3
693,1.806868726591696,1.8783839212469235,3,12,3
694,1.806868726591696,1.8783839212469235,3,12,3
695,1.806868726591696,1.8783839212469235,3,12,3
696,1.806868726591696,1.8783839212469235,3,12,3
697,1.806868726591696,1.8783839212469235,3,12,3
698,1.806868726591696,1.8783839212469235,3,12,3
699,1.806868726591696,1.8783839212469235,3,12,3
700,1.806868726591696,1.8783839212469235,3,12,3
701,1.806868726591696,1.8783839212469235,3,12,3
702,1.806868726591696,1.8783839212469235,3,12,3
703,1.806868726591696,1.8783839212469235,3,12,3
704,1.806868726591696,1.8783839212469235,3,12,3
705,1.806868726591696,1.8783839212469235,3,12,3
706,1.806868726591696,1.8783839212469235,3,12,3
707,1.806868726591696,1.8783839212469235,3,12,3
708,1.806868726591696,1.8783839212469235,3,12,3
709,1.806868726591696,1.8783839212469235,3,12,3
710,1.806868726591696,1.8783839212469235,3,12,3
711,1.806868726591696,1.8783839212469235,3,12,3
712,1.806868726591696,1.8783839212469235,3,12,3
713,1.806868726591696,1.8783839212469235,3,12,3
714,1.806868726591696,1.8783839212469235,3,12,3
715,1.806868726591696,1.8783839212469235,3,12,3
716,1.806868726591696,1.8783839212469235,3,12,3
717,1.806868726591696,1.8783839212469235,3,12,3
718,1.806868726591696,1.8783839212469235,3,12,3
719,1.806868726591696,1.8783839212469235,3,12,3
720,1.806868726591696,1.8783839212469235,3,12,3
721,1.806868726591696,1.8783839212469235,3,12,3
722,1.806868726591696,1.8783839212469235,3,12,3
723,1.806868726591696,1.8783839212469235,3,12,3
724,1.806868726591696,1.8783839212469235,3,12,3
725,1.806868726591696,1.8783839212469235,3,12,3
726,1.806868726591696,1.8783839212469235,3,12,3
727,1.806868726591696,1.8783839212469235,3,12,3
728,1.806868726591696,1.8783839212469235,3,12,3
729,1.806868726591696,1.8783839212469235,3,12,3
730,1.806868726591696,1.8783839212469235,3,12,3
731,1.806868726591696,1.8783839212469235,3,12,3
732,1.806868726591696,1.8783839212469235,3,12,3
733,1.806868726591696,1.8783839212469235,3,12,3
734,1.806868726591696,1.8783839212469235,3,12,3
735,1.806868726591696,1.8783839212469235,3,12,3
736,1.806868726591696,1.8783839212469235,3,12,3
737,1.806868726591696,1.8783839212469235,3,12,3
738,1.806868726591696,1.8783839212469235,3,12,3
739,1.806868726591696,1.8783839212469235,3,12,3
740,1.806868726591696,1.8783839212469235,3,12,3
741,1.806868726591696,1.8783839212469235,3,12,3
742,1.806868726591696,1.8783839212469235,3,12,3
743,1.806868726591696,1.8783839212469235,3,12,3
744,1.806868726591696,1.8783839212469235,3,12,3
745,1.806868726591696,1.8783839212469235,3,12,3
746,1.806868726591696,1.8783839212469235,3,12,3
747,1.806868726591696,1.8783839212469235,3,12,3
748,1.806868726591696,1.8783839212469235,3,12,3
749,1.806868726591696,1.8783839212469235,3,12,3
750,1.806868726591696,1.8783839212469235,3,12,3
751,1.806868726591696,1.8783839212469235,3,12,3
752,1.806868726591696,1.8783839212469235,3,12,3
753,1.806868726591696,1.8783839212469235,3,12,3
754,1.806868726591696,1.8783839212469235,3,12,3
755,1.806868726591696,1.8783839212469235,3,12,3
756,1.806868726591696,1.8783839212469235,3,12,3
757,1.806868726591696,1.8783839212469235,3,12,3
758,1.806868726591696,1.8783839212469235,3,12,3
759,1.806868726591696,1.8783839212469235,3,12,3
760,1.806868726591696,1.8783839212469235,3,12,3
761,1.806868726591696,1.8783839212469235,3,12,3
762,1.806868726591696,1.8783839212469235,3,12,3
763,1.806868726591696,1.8783839212469235,3,12,3
764,1.806868726591696,1.8783839212469235,3,12,3
765,1.806868726591696,1.8783839212469235,3,12,3
766,1.806868726591696,1.8783839212469235,3,12,3
767,1.806868726591696,1.8783839212469235,3,12,3
768,1.806868726591696,1.8783839212469235,3,12,3
769,1.806868726591696,1.8783839212469235,3,12,3
770,1.806868726591696,1.8783839212469235,3,12,3
771,1.806868726591696,1.8783839212469235,3,12,3
772,1.806868726591696,1.8783839212469235,3,12,3
773,1.806868726591696,1.8783839212469235,3,12,3
774,1.806868726591696,1.8783839212469235,3,12,3
775,1.806868726591696,1.8783839212469235,3,12,3
776,1.806868726591696,1.8783839212469235,3,12,3
777,1.806868726591696,1.8783839212469235,3,12,3
778,1.806868726591696,1.8783839212469235,3,12,3
779,1.806868726591696,1.8783839212469235,3,12,3
780,1.806868726591696,1.8783839212469235,3,12,3
781,1.806868726591696,1.8783839212469235,3,12,3
782,1.806868726591696,1.8783839212469235,3,12,3
783,1.806868726591696,1.8783839212469235,3,12,3
784,1.806868726591696,1.8783839212469235,3,12,3
785,1.806868726591696,1.8783839212469235,3,12,3
786,1.806868726591696,1.8783839212469235,3,12,3
787,1.806868726591696,1.8783839212469235,3,12,3
788,1.806868726591696,1.8783839212469235,3,12,3
789,1.806868726591696,1.8783839212469235,3,12,3
790,1.806868726591696,1.8783839212469235,3,12,3
791,1.806868726591696,1.8783839212469235,3,12,3
792,1.806868726591696,1.8783839212469235,3,12,3
793,1.806868726591696,1.8783839212469235,3,12,3
794,1.806868726591696,1.8783839212469235,3,12,3
795,1.806868726591696,1.8783839212469235,3,12,3
796,1.806868726591696,1.8783839212469235,3,12,3
797,1.806868726591696,1.8783839212469235,3,12,3
798,1.806868726591696,1.8783839212469235,3,12,3
799,1.806868726591696,1.8783839212469235,3,12,3
800,1.806868726591696,1.8783839212469235,3,12,3
801,1.806868726591696,1.8783839212469235,3,12,3
802,1.806868726591696,1.8783839212469235,3,12,3
803,1.806868726591696,1.8783839212469235,3,12,3
804,1.806868726591696,1.8783839212469235,3,12,3
805,1.806868726591696,1.8783839212469235,3,12,3
806,1.806868726591696,1.8783839212469235,3,12,3
807,1.806868726591696,1.8783839212469235,3,12,3
808,1.806868726591696,1.8783839212469235,3,12,3
809,1.806868726591696,1.8783839212469235,3,12,3
810,1.806868726591696,1.8783839212469235,3,12,3
811,1.806868726591696,1.8783839212469235,3,12,3
812,1.806868726591696,1.8783839212469235,3,12,3
813,1.806868726591696,1.8783839212469235,3,12,3
814,1.806868726591696,1.8783839212469235,3,12,3
815,1.806868726591696,1.8783839212469235,3,12,3
816,1.806868726591696,1.8783839212469235,3,12,3
817,1.806868726591696,1.8783839212469235,3,12,3
818,1.806868726591696,1.8783839212469235,3,12,3
819,1.806868726591696,1.8783839212469235,3,12,3
820,1.806868726591696,1.8783839212469235,3,12,3
821,1.806868726591696,1.8783839212469235,3,12,3
822,1.806868726591696,1.8783839212469235,3,12,3
823,1.806868726591696,1.8783839212469235,3,12,3
824,1.806868726591696,1.8783839212469235,3,12,3
825,1.806868726591696,1.8783839212469235,3,12,3
826,1.806868726591696,1.8783839212469235,3,12,3
827,1.806868726591696,1.8783839212469235,3,12,3
828,1.806868726591696,1.8783839212469235,3,12,3
829,1.806868726591696,1.8783839212469235,3,12,3
830,1.806868726591696,1.8783839212469235,3,12,3
831,1.806868726591696,1.8783839212469235,3,12,3
832,1.806868726591696,1.8783839212469235,3,12,3
833,1.806868726591696,1.8783839212469235,3,12,3
834,1.806868726591696,1.8783839212469235,3,12,3
835,1.806868726591696,1.8783839212469235,3,12,3
836,1.806868726591696,1.8783839212469235,3,12,3
837,1.806868726591696,1.8783839212469235,3,12,3
838,1.806868726591696,1.8783839212469235,3,12,3
839,1.806868726591696,1.8783839212469235,3,12,3
840,1.806868726591696,1.8783839212469235,3,12,3
841,1.806868726591696,1.8783839212469235,3,12,3
842,1.806868726591696,1.8783839212469235,3,12,3
843,1.806868726591696,1.8783839212469235,3,12,3
844,1.806868726591696,1.8783839212469235,3,12,3
845,1.806868726591696,1.8783839212469235,3,12,3
846,1.806868726591696,1.8783839212469235,3,12,3
847,1.806868726591696,1.8783839212469235,3,12,3
848,1.806868726591696,1.8783839212469235,3,12,3
849,1.806868726591696,1.8783839212469235,3,12,3
850,1.806868726591696,1.8783839212469235,3,12,3
851,1.806868726591696,1.8783839212469235,3,12,3
852,1.806868726591696,1.8783839212469235,3,12,3
853,1.806868726591696,1.8783839212469235,3,12,3
854,1.806868726591696,1.8783839212469235,3,12,3
855,1.806868726591696,1.8783839212469235,3,12,3
856,1.806868726591696,1.8783839212469235,3,12,3
857,1.806868726591696,1.8783839212469235,3,12,3
858,1.806868726591696,1.8783839212469235,3,12,3
859,1.806868726591696,1.8783839212469235,3,12,3
860,1.806868726591696,1.8783839212469235,3,12,3
861,1.806868726591696,1.8783839212469235,3,12,3
862,1.806868726591696,1.8783839212469235,3,12,3
863,1.806868726591696,1.8783839212469235,3,12,3
864,1.806868726591696,1.8783839212469235,3,12,3
865,1.806868726591696,1.8783839212469235,3,12,3
866,1.806868726591696,1.8783839212469235,3,12,3
867,1.806868726591696,1.8783839212469235,3,12,3
868,1.806868726591696,1.8783839212469235,3,12,3
869,1.806868726591696,1.8783839212469235,3,12,3
870,1.806868726591696,1.8783839212469235,3,12,3
871,1.806868726591696,1.8783839212469235,3,12,3
872,1.806868726591696,1.8783839212469235,3,12,3
873,1.806868726591696,1.8783839212469235,3,12,3
874,1.806868726591696,1.8783839212469235,3,12,3
875,1.806868726591696,1.8783839212469235,3,12,3
876,1.806868726591696,1.8783839212469235,3,12,3
877,1.806868726591696,1.8783839212469235,3,12,3
878,1.806868726591696,1.8783839212469235,3,12,3
879,1.806868726591696,1.8783839212469235,3,12,3
880,1.806868726591696,1.8783839212469235,3,12,3
881,1.806868726591696,1.8783839212469235,3,12,3
882,1.806868726591696,1.8783839212469235,3,12,3
883,1.806868726591696,1.8783839212469235,3,12,3
884,1.806868726591696,1.8783839212469235,3,12,3
885,1.806868726591696,1.8783839212469235,3,12,3
886,1.806868726591696,1.8783839212469235,3,12,3
887,1.806868726591696,1.8783839212469235,3,12,3
888,1.806868726591696,1.8783839212469235,3,12,3
889,1.806868726591696,1.8783839212469235,3,12,3
890,1.806868726591696,1.8783839212469235,3,12,3
891,1.806868726591696,1.8783839212469235,3,12,3
892,1.806868726591696,1.8783839212469235,3,12,3
893,1.806868726591696,1.8783839212469235,3,12,3
894,1.806868726591696,1.8783839212469235,3,12,3
895,1.806868726591696,1.8783839212469235,3,12,3
896,1.806868726591696,1.8783839212469235,3,12,3
897,1.806868726591696,1.8783839212469235,3,12,3
898,1.806868726591696,1.8783839212469235,3,12,3
899,1.806868726591696,1.8783839212469235,3,12,3
900,1.806868726591696,1.8783839212469235,3,12,3
901,1.806868726591696,1.8783839212469235,3,12,3
902,1.806868726591696,1.8783839212469235,3,12,3
903,1.806868726591696,1.8783839212469235,3,12,3
904,1.806868726591696,1.8783839212469235,3,12,3
905,1.806868726591696,1.8783839212469235,3,12,3
906,1.806868726591696,1.8783839212469235,3,12,3
907,1.806868726591696,1.8783839212469235,3,12,3
908,1.806868726591696,1.8783839212469235,3,12,3
909,1.806868726591696,1.8783839212469235,3,12,3
910,1.806868726591696,1.8783839212469235,3,12,3
911,1.806868726591696,1.8783839212469235,3,12,3
912,1.806868726591696,1.8783839212469235,3,12,3
913,1.806868726591696,1.8783839212469235,3,12,3
914,1.806868726591696,1.8783839212469235,3,12,3
915,1.806868726591696,1.8783839212469235,3,12,3
916,1.806868726591696,1.8783839212469235,3,12,3
917,1.806868726591696,1.8783839212469235,3,12,3
918,1.806868726591696,1.8783839212469235,3,12,3
919,1.806868726591696,1.8783839212469235,3,12,3
920,1.806868726591696,1.8783839212469235,3,12,3
921,1.806868726591696,1.8783839212469235,3,12,3
922,1.806868726591696,1.8783839212469235,3,12,3
923,1.806868726591696,1.8783839212469235,3,12,3
924,1.806868726591696,1.8783839212469235,3,12,3
925,1.806868726591696,1.8783839212469235,3,12,3
926,1.806868726591696,1.8783839212469235,3,12,3
927,1.806868726591696,1.8783839212469235,3,12,3
928,1.806868726591696,1.8783839212469235,3,12,3
929,1.806868726591696,1.8783839212469235,3,12,3
930,1.806868726591696,1.8783839212469235,3,12,3
931,1.806868726591696,1.8783839212469235,3,12,3
932,1.806868726591696,1.8783839212469235,3,12,3
933,1.806868726591696,1.8783839212469235,3,12,3
934,1.806868726591696,1.8783839212469235,3,12,3
935,1.806868726591696,1.8783839212469235,3,12,3
936,1.806868726591696,1.8783839212469235,3,12,3
937,1.806868726591696,1.8783839212469235,3,12,3
938,1.806868726591696,1.8783839212469235,3,12,3
939,1.806868726591696,1.8783839212469235,3,12,3
940,1.806868726591696,1.8783839212469235,3,12,3
941,1.806868726591696,1.8783839212469235,3,12,3
942,1.806868726591696,1.8783839212469235,3,12,3
943,1.806868726591696,1.8783839212469235,3,12,3
944,1.806868726591696,1.8783839212469235,3,12,3
945,1.806868726591696,1.8783839212469235,3,12,3
946,1.806868726591696,1.8783839212469235,3,12,3
947,1.806868726591696,1.8783839212469235,3,12,3
948,1.806868726591696,1.8783839212469235,3,12,3
949,1.806868726591696,1.8783839212469235,3,12,3
950,1.806868726591696,1.8783839212469235,3,12,3
951,1.806868726591696,1.8783839212469235,3,12,3
952,1.806868726591696,1.8783839212469235,3,12,3
953,1.806868726591696,1.8783839212469235,3,12,3
954,1.806868726591696,1.8783839212469235,3,12,3
955,1.806868726591696,1.8783839212469235,3,12,3
956,1.806868726591696,1.8783839212469235,3,12,3
957,1.806868726591696,1.8783839212469235,3,12,3
958,1.806868726591696,1.8783839212469235,3,12,3
959,1.806868726591696,1.8783839212469235,3,12,3
960,1.806868726591696,1.8783839212469235,3,12,3
961,1.806868726591696,1.8783839212469235,3,12,3
962,1.806868726591696,1.8783839212469235,3,12,3
963,1.806868726591696,1.8783839212469235,3,12,3
964,1.806868726591696,1.8783839212469235,3,12,3
965,1.806868726591696,1.8783839212469235,3,12,3
966,1.806868726591696,1.8783839212469235,3,12,3
967,1.806868726591696,1.8783839212469235,3,12,3
968,1.806868726591696,1.8783839212469235,3,12,3
969,1.806868726591696,1.8783839212469235,3,12,3
970,1.806868726591696,1.8783839212469235,3,12,3
971,1.806868726591696,1.8783839212469235,3,12,3
972,1.806868726591696,1.8783839212469235,3,12,3
973,1.806868726591696,1.8783839212469235,3,12,3
974,1.806868726591696,1.8783839212469235,3,12,3
975,1.806868726591696,1.8783839212469235,3,12,3
976,1.806868726591696,1.8783839212469235,3,12,3
977,1.806868726591696,1.8783839212469235,3,12,3
978,1.806868726591696,1.8783839212469235,3,12,3
979,1.806868726591696,1.8783839212469235,3,12,3
980,1.806868726591696,1.8783839212469235,3,12,3
981,1.806868726591696,1.8783839212469235,3,12,3
982,1.806868726591696,1.8783839212469235,3,12,3
983,1.806868726591696,1.8783839212469235,3,12,3
984,1.806868726591696,1.8783839212469235,3,12,3
985,1.806868726591696,1.8783839212469235,3,12,3
986,1.806868726591696,1.8783839212469235,3,12,3
987,1.806868726591696,1.8783839212469235,3,12,3
988,1.806868726591696,1.8783839212469235,3,12,3
989,1.806868726591696,1.8783839212469235,3,12,3
990,1.806868726591696,1.8783839212469235,3,12,3
991,1.806868726591696,1.8783839212469235,3,12,3
992,1.806868726591696,1.8783839212469235,3,12,3
993,1.806868726591696,1.8783839212469235,3,12,3
994,1.806868726591696,1.8783839212469235,3,12,3
995,1.806868726591696,1.8783839212469235,3,12,3
996,1.806868726591696,1.8783839212469235,3,12,3
997,1.806868726591696,1.8783839212469235,3,12,3
998,1.806868726591696,1.8783839212469235,3,12,3
999,1.806868726591696,1.8783839212469235,3,12,3
1000,1.806868726591696,1.8783839212469235,3,12,3
1001,1.806868726591696,1.8783839212469235,3,12,3
1002,1.806868726591696,1.8783839212469235,3,12,3
1003,1.806868726591696,1.8783839212469235,3,12,3
1004,1.806868726591696,1.8783839212469235,3,12,3
1005,1.806868726591696,1.8783839212469235,3,12,3
1006,1.806868726591696,1.8783839212469235,3,12,3
1007,1.806868726591696,1.8783839212469235,3,12,3
1008,1.806868726591696,1.8783839212469235,3,12,3
1009,1.806868726591696,1.8783839212469235,3,12,3
1010,1.806868726591696,1.8783839212469235,3,12,3
1011,1.806868726591696,1.8783839212469235,3,12,3
1012,1.806868726591696,1.8783839212469235,3,12,3
1013,1.806868726591696,1.8783839212469235,3,12,3
1014,1.806868726591696,1.8783839212469235,3,12,3
1015,1.806868726591696,1.8783839212469235,3,12,3
1016,1.806868726591696,1.8783839212469235,3,12,3
1017,1.806868726591696,1.8783839212469235,3,12,3
1018,1.806868726591696,1.8783839212469235,3,12,3
1019,1.806868726591696,1.8783839212469235,3,12,3
1020,1.806868726591696,1.8783839212469235,3,12,3
1021,1.806868726591696,1.8783839212469235,3,12,3
1022,1.806868726591696,1.8783839212469235,3,12,3
1023,1.806868726591696,1.8783839212469235,3,12,3
1024,1.806868726591696,1.8783839212469235,3,12,3
1025,1.806868726591696,1.8783839212469235,3,12,3
1026,1.806868726591696,1.8783839212469235,3,12,3
1027,1.806868726591696,1.8783839212469235,3,12,3
1028,1.806868726591696,1.8783839212469235,3,12,3
1029,1.806868726591696,1.8783839212469235,3,12,3
1030,1.806868726591696,1.8783839212469235,3,12,3
1031,1.806868726591696,1.8783839212469235,3,12,3
1032,1.806868726591696,1.8783839212469235,3,12,3
1033,1.806868726591696,1.8783839212469235,3,12,3
1034,1.806868726591696,1.8783839212469235,3,12,3
1035,1.806868726591696,1.8783839212469235,3,12,3
1036,1.806868726591696,1.8783839212469235,3,12,3
1037,1.806868726591696,1.8783839212469235,3,12,3
1038,1.806868726591696,1.8783839212469235,3,12,3
1039,1.806868726591696,1.8783839212469235,3,12,3
1040,1.806868726591696,1.8783839212469235,3,12,3
1041,1.806868726591696,1.8783839212469235,3,12,3
1042,1.806868726591696,1.8783839212469235,3,12,3
1043,1.806868726591696,1.8783839212469235,3,12,3
1044,1.806868726591696,1.8783839212469235,3,12,3
1045,1.806868726591696,1.8783839212469235,3,12,3
1046,1.806868726591696,1.8783839212469235,3,12,3
1047,1.806868726591696,1.8783839212469235,3,12,3
1048,1.806868726591696,1.8783839212469235,3,12,3
1049,1.806868726591696,1.8783839212469235,3,12,3
1050,1.806868726591696,1.8783839212469235,3,12,3
1051,1.806868726591696,1.8783839212469235,3,12,3
1052,1.806868726591696,1.8783839212469235,3,12,3
1053,1.806868726591696,1.8783839212469235,3,12,3
1054,1.806868726591696,1.8783839212469235,3,12,3
1055,1.806868726591696,1.8783839212469235,3,12,3
1056,1.806868726591696,1.8783839212469235,3,12,3
1057,1.806868726591696,1.8783839212469235,3,12,3
1058,1.806868726591696,1.8783839212469235,3,12,3
1059,1.806868726591696,1.8783839212469235,3,12,3
1060,1.806868726591696,1.8783839212469235,3,12,3
1061,1.806868726591696,1.8783839212469235,3,12,3
1062,1.806868726591696,1.8783839212469235,3,12,3
1063,1.806868726591696,1.8783839212469235,3,12,3
1064,1.806868726591696,1.8783839212469235,3,12,3
1065,1.806868726591696,1.8783839212469235,3,12,3
1066,1.806868726591696,1.8783839212469235,3,12,3
1067,1.806868726591696,1.8783839212469235,3,12,3
1068,1.806868726591696,1.8783839212469235,3,12,3
1069,1.806868726591696,1.8783839212469235,3,12,3
1070,1.806868726591696,1.8783839212469235,3,12,3
1071,1.806868726591696,1.8783839212469235,3,12,3
1072,1.806868726591696,1.8783839212469235,3,12,3
1073,1.806868726591696,1.8783839212469235,3,12,3
1074,1.806868726591696,1.8783839212469235,3,12,3
1075,1.806868726591696,1.8783839212469235,3,12,3
1076,1.806868726591696,1.8783839212469235,3,12,3
1077,1.806868726591696,1.8783839212469235,3,12,3
1078,1.806868726591696,1.8783839212469235,3,12,3
1079,1.806868726591696,1.8783839212469235,3,12,3
1080,1.806868726591696,1.8783839212469235,3,12,3
1081,1.806868726591696,1.8783839212469235,3,12,3
1082,1.806868726591696,1.8783839212469235,3,12,3
1083,1.806868726591696,1.8783839212469235,3,12,3
1084,1.806868726591696,1.8783839212469235,3,12,3
1085,1.806868726591696,1.8783839212469235,3,12,3
1086,1.806868726591696,1.8783839212469235,3,12,3
1087,1.806868726591696,1.8783839212469235,3,12,3
1088,1.806868726591696,1.8783839212469235,3,12,3
1089,1.806868726591696,1.8783839212469235,3,12,3
1090,1.806868726591696,1.8783839212469235,3,12,3
1091,1.806868726591696,1.8783839212469235,3,12,3
1092,1.806868726591696,1.8783839212469235,3,12,3
1093,1.806868726591696,1.8783839212469235,3,12,3
1094,1.806868726591696,1.8783839212469235,3,12,3
1095,1.806868726591696,1.8783839212469235,3,12,3
1096,1.806868726591696,1.8783839212469235,3,12,3
1097,1.806868726591696,1.8783839212469235,3,12,3
1098,1.806868726591696,1.8783839212469235,3,12,3
1099,1.806868726591696,1.8783839212469235,3,12,3
1100,1.806868726591696,1.8783839212469235,3,12,3
1101,1.806868726591696,1.8783839212469235,3,12,3
1102,1.806868726591696,1.8783839212469235,3,12,3
1103,1.806868726591696,1.8783839212469235,3,12,3
1104,1.806868726591696,1.8783839212469235,3,12,3
1105,1.806868726591696,1.8783839212469235,3,12,3
1106,1.806868726591696,1.8783839212469235,3,12,3
1107,1.806868726591696,1.8783839212469235,3,12,3
1108,1.806868726591696,1.8783839212469235,3,12,3
1109,1.806868726591696,1.8783839212469235,3,12,3
1110,1.806868726591696,1.8783839212469235,3,12,3
1111,1.806868726591696,1.8783839212469235,3,12,3
1112,1.806868726591696,1.8783839212469235,3,12,3
1113,1.806868726591696,1.8783839212469235,3,12,3
1114,1.806868726591696,1.8783839212469235,3,12,3
1115,1.806868726591696,1.8783839212469235,3,12,3
1116,1.806868726591696,1.8783839212469235,3,12,3
1117,1.806868726591696,1.8783839212469235,3,12,3
1118,1.806868726591696,1.8783839212469235,3,12,3
1119,1.806868726591696,1.8783839212469235,3,12,3
1120,1.806868726591696,1.8783839212469235,3,12,3
1121,1.806868726591696,1.8783839212469235,3,12,3
1122,1.806868726591696,1.8783839212469235,3,12,3
1123,1.806868726591696,1.8783839212469235,3,12,3
1124,1.806868726591696,1.8783839212469235,3,12,3
1125,1.806868726591696,1.8783839212469235,3,12,3
1126,1.806868726591696,1.8783839212469235,3,12,3
1127,1.806868726591696,1.8783839212469235,3,12,3
1128,1.806868726591696,1.8783839212469235,3,12,3
1129,1.806868726591696,1.8783839212469235,3,12,3
1130,1.806868726591696,1.8783839212469235,3,12,3
1131,1.806868726591696,1.8783839212469235,3,12,3
1132,1.806868726591696,1.8783839212469235,3,12,3
1133,1.806868726591696,1.8783839212469235,3,12,3
1134,1.806868726591696,1.8783839212469235,3,12,3
1135,1.806868726591696,1.8783839212469235,3,12,3
1136,1.806868726591696,1.8783839212469235,3,12,3
1137,1.806868726591696,1.8783839212469235,3,12,3
1138,1.806868726591696,1.8783839212469235,3,12,3
1139,1.806868726591696,1.8783839212469235,3,12,3
1140,1.806868726591696,1.8783839212469235,3,12,3
1141,1.806868726591696,1.8783839212469235,3,12,3
1142,1.806868726591696,1.8783839212469235,3,12,3
1143,1.806868726591696,1.8783839212469235,3,12,3
1144,1.806868726591696,1.8783839212469235,3,12,3
1145,1.806868726591696,1.8783839212469235,3,12,3
1146,1.806868726591696,1.8783839212469235,3,12,3
1147,1.806868726591696,1.8783839212469235,3,12,3
1148,1.806868726591696,1.8783839212469235,3,12,3
1149,1.806868726591696,1.8783839212469235,3,12,3
1150,1.806868726591696,1.8783839212469235,3,12,3
1151,1.806868726591696,1.8783839212469235,3,12,3
1152,1.806868726591696,1.8783839212469235,3,12,3
1153,1.806868726591696,1.8783839212469235,3,12,3
1154,1.806868726591696,1.8783839212469235,3,12,3
1155,1.806868726591696,1.8783839212469235,3,12,3
1156,1.806868726591696,1.8783839212469235,3,12,3
1157,1.806868726591696,1.8783839212469235,3,12,3
1158,1.806868726591696,1.8783839212469235,3,12,3
1159,1.806868726591696,1.8783839212469235,3,12,3
1160,1.806868726591696,1.8783839212469235,3,12,3
1161,1.806868726591696,1.8783839212469235,3,12,3
1162,1.806868726591696,1.8783839212469235,3,12,3
1163,1.806868726591696,1.8783839212469235,3,12,3
1164,1.806868726591696,1.8783839212469235,3,12,3
1165,1.806868726591696,1.8783839212469235,3,12,3
1166,1.806868726591696,1.8783839212469235,3,12,3
1167,1.806868726591696,1.8783839212469235,3,12,3
1168,1.806868726591696,1.8783839212469235,3,12,3
1169,1.806868726591696,1.8783839212469235,3,12,3
1170,1.806868726591696,1.8783839212469235,3,12,3
1171,1.806868726591696,1.8783839212469235,3,12,3
1172,1.806868726591696,1.8783839212469235,3,12,3
1173,1.806868726591696,1.8783839212469235,3,12,3
1174,1.806868726591696,1.8783839212469235,3,12,3
1175,1.806868726591696,1.8783839212469235,3,12,3
1176,1.806868726591696,1.8783839212469235,3,12,3
1177,1.806868726591696,1.8783839212469235,3,12,3
1178,1.806868726591696,1.8783839212469235,3,12,3
1179,1.806868726591696,1.8783839212469235,3,12,3
1180,1.806868726591696,1.8783839212469235,3,12,3
1181,1.806868726591696,1.8783839212469235,3,12,3
1182,1.806868726591696,1.8783839212469235,3,12,3
1183,1.806868726591696,1.8783839212469235,3,12,3
1184,1.806868726591696,1.8783839212469235,3,12,3
1185,1.806868726591696,1.8783839212469235,3,12,3
1186,1.806868726591696,1.8783839212469235,3,12,3
1187,1.806868726591696,1.8783839212469235,3,12,3
1188,1.806868726591696,1.8783839212469235,3,12,3
1189,1.806868726591696,1.8783839212469235,3,12,3
1190,1.806868726591696,1.8783839212469235,3,12,3
1191,1.806868726591696,1.8783839212469235,3,12,3
1192,1.806868726591696,1.8783839212469235,3,12,3
1193,1.806868726591696,1.8783839212469235,3,12,3
1194,1.806868726591696,1.8783839212469235,3,12,3
1195,1.806868726591696,1.8783839212469235,3,12,3
1196,1.806868726591696,1.8783839212469235,3,12,3
1197,1.806868726591696,1.8783839212469235,3,12,3
1198,1.806868726591696,1.8783839212469235,3,12,3
1199,1.806868726591696,1.8783839212469235,3,12,3
1200,1.806868726591696,1.8783839212469235,3,12,3
