No_gen, Best, MQ, No_clus, max_clus, min_clus
0,1.0063717814447835,1.0690816149497597,10,6,6
1,1.0063717814447835,1.0690816149497597,10,6,6
2,1.0063717814447835,1.0690816149497597,10,6,6
3,1.0626554558668904,1.1411204330403957,4,15,15
4,1.0626554558668904,1.1411204330403957,4,15,15
5,1.1011285784713527,1.18282607322641,6,10,10
6,1.1011285784713527,1.18282607322641,6,10,10
7,1.1373718739336056,1.2244419560604634,6,10,10
8,1.1373718739336056,1.2244419560604634,6,10,10
9,1.1447106016191813,1.232868552693543,6,10,10
10,1.1603090546219688,1.2507792692626962,6,10,10
11,1.229886363194649,1.3306704900951143,6,10,10
12,1.229886363194649,1.3306704900951143,6,10,10
13,1.229886363194649,1.3306704900951143,6,10,10
14,1.229886363194649,1.3306704900951143,6,10,10
15,1.229886363194649,1.3306704900951143,6,10,10
16,1.229886363194649,1.3306704900951143,6,10,10
17,1.2794057127440197,1.3875304257764993,6,10,10
18,1.2794057127440197,1.3875304257764993,6,10,10
19,1.2816861393481642,1.390148895348853,6,10,10
20,1.2816861393481642,1.390148895348853,6,10,10
21,1.3096837506520138,1.4222967808210187,6,10,10
22,1.3096837506520138,1.4222967808210187,6,10,10
23,1.3096837506520138,1.4222967808210187,6,10,10
24,1.3233022432762036,1.4379340341721927,6,10,10
25,1.3285910657274083,1.4440068543352673,6,10,10
26,1.3285910657274083,1.4440068543352673,6,10,10
27,1.380132622036722,1.5031887620811315,6,10,10
28,1.380132622036722,1.5031887620811315,6,10,10
29,1.380132622036722,1.5031887620811315,6,10,10
30,1.380132622036722,1.5031887620811315,6,10,10
31,1.380132622036722,1.5031887620811315,6,10,10
32,1.380132622036722,1.5031887620811315,6,10,10
33,1.380132622036722,1.5031887620811315,6,10,10
34,1.380132622036722,1.5031887620811315,6,10,10
35,1.380132622036722,1.5031887620811315,6,10,10
36,1.380132622036722,1.5031887620811315,6,10,10
37,1.380132622036722,1.5031887620811315,6,10,10
38,1.380132622036722,1.5031887620811315,6,10,10
39,1.380132622036722,1.5031887620811315,6,10,10
40,1.380132622036722,1.5031887620811315,6,10,10
41,1.380132622036722,1.5031887620811315,6,10,10
42,1.380132622036722,1.5031887620811315,6,10,10
43,1.380132622036722,1.5031887620811315,6,10,10
44,1.380132622036722,1.5031887620811315,6,10,10
45,1.380132622036722,1.5031887620811315,6,10,10
46,1.380132622036722,1.5031887620811315,6,10,10
47,1.380132622036722,1.5031887620811315,6,10,10
48,1.380132622036722,1.5031887620811315,6,10,10
49,1.380132622036722,1.5031887620811315,6,10,10
50,1.380132622036722,1.5031887620811315,6,10,10
51,1.380132622036722,1.5031887620811315,6,10,10
52,1.380132622036722,1.5031887620811315,6,10,10
53,1.380132622036722,1.5031887620811315,6,10,10
54,1.380132622036722,1.5031887620811315,6,10,10
55,1.380132622036722,1.5031887620811315,6,10,10
56,1.380132622036722,1.5031887620811315,6,10,10
57,1.380132622036722,1.5031887620811315,6,10,10
58,1.380132622036722,1.5031887620811315,6,10,10
59,1.380132622036722,1.5031887620811315,6,10,10
60,1.380132622036722,1.5031887620811315,6,10,10
61,1.380132622036722,1.5031887620811315,6,10,10
62,1.380132622036722,1.5031887620811315,6,10,10
63,1.380132622036722,1.5031887620811315,6,10,10
64,1.380132622036722,1.5031887620811315,6,10,10
65,1.380132622036722,1.5031887620811315,6,10,10
66,1.380132622036722,1.5031887620811315,6,10,10
67,1.380132622036722,1.5031887620811315,6,10,10
68,1.380132622036722,1.5031887620811315,6,10,10
69,1.380132622036722,1.5031887620811315,6,10,10
70,1.380132622036722,1.5031887620811315,6,10,10
71,1.380132622036722,1.5031887620811315,6,10,10
72,1.380132622036722,1.5031887620811315,6,10,10
73,1.380132622036722,1.5031887620811315,6,10,10
74,1.380132622036722,1.5031887620811315,6,10,10
75,1.380132622036722,1.5031887620811315,6,10,10
76,1.380132622036722,1.5031887620811315,6,10,10
77,1.380132622036722,1.5031887620811315,6,10,10
78,1.380132622036722,1.5031887620811315,6,10,10
79,1.380132622036722,1.5031887620811315,6,10,10
80,1.380132622036722,1.5031887620811315,6,10,10
81,1.380132622036722,1.5031887620811315,6,10,10
82,1.380132622036722,1.5031887620811315,6,10,10
83,1.380132622036722,1.5031887620811315,6,10,10
84,1.380132622036722,1.5031887620811315,6,10,10
85,1.380132622036722,1.5031887620811315,6,10,10
86,1.380132622036722,1.5031887620811315,6,10,10
87,1.380132622036722,1.5031887620811315,6,10,10
88,1.380132622036722,1.5031887620811315,6,10,10
89,1.380132622036722,1.5031887620811315,6,10,10
90,1.380132622036722,1.5031887620811315,6,10,10
91,1.380132622036722,1.5031887620811315,6,10,10
92,1.380132622036722,1.5031887620811315,6,10,10
93,1.380132622036722,1.5031887620811315,6,10,10
94,1.380132622036722,1.5031887620811315,6,10,10
95,1.380132622036722,1.5031887620811315,6,10,10
96,1.380132622036722,1.5031887620811315,6,10,10
97,1.380132622036722,1.5031887620811315,6,10,10
98,1.380132622036722,1.5031887620811315,6,10,10
99,1.380132622036722,1.5031887620811315,6,10,10
100,1.380132622036722,1.5031887620811315,6,10,10
101,1.380132622036722,1.5031887620811315,6,10,10
102,1.380132622036722,1.5031887620811315,6,10,10
103,1.380132622036722,1.5031887620811315,6,10,10
104,1.380132622036722,1.5031887620811315,6,10,10
105,1.380132622036722,1.5031887620811315,6,10,10
106,1.380132622036722,1.5031887620811315,6,10,10
107,1.380132622036722,1.5031887620811315,6,10,10
108,1.380132622036722,1.5031887620811315,6,10,10
109,1.380132622036722,1.5031887620811315,6,10,10
110,1.380132622036722,1.5031887620811315,6,10,10
111,1.380132622036722,1.5031887620811315,6,10,10
112,1.380132622036722,1.5031887620811315,6,10,10
113,1.380132622036722,1.5031887620811315,6,10,10
114,1.380132622036722,1.5031887620811315,6,10,10
115,1.380132622036722,1.5031887620811315,6,10,10
116,1.380132622036722,1.5031887620811315,6,10,10
117,1.380132622036722,1.5031887620811315,6,10,10
118,1.380132622036722,1.5031887620811315,6,10,10
119,1.380132622036722,1.5031887620811315,6,10,10
120,1.380132622036722,1.5031887620811315,6,10,10
121,1.380132622036722,1.5031887620811315,6,10,10
122,1.380132622036722,1.5031887620811315,6,10,10
123,1.380132622036722,1.5031887620811315,6,10,10
124,1.380132622036722,1.5031887620811315,6,10,10
125,1.380132622036722,1.5031887620811315,6,10,10
126,1.380132622036722,1.5031887620811315,6,10,10
127,1.380132622036722,1.5031887620811315,6,10,10
128,1.380132622036722,1.5031887620811315,6,10,10
129,1.380132622036722,1.5031887620811315,6,10,10
130,1.380132622036722,1.5031887620811315,6,10,10
131,1.380132622036722,1.5031887620811315,6,10,10
132,1.380132622036722,1.5031887620811315,6,10,10
133,1.380132622036722,1.5031887620811315,6,10,10
134,1.380132622036722,1.5031887620811315,6,10,10
135,1.380132622036722,1.5031887620811315,6,10,10
136,1.380132622036722,1.5031887620811315,6,10,10
137,1.380132622036722,1.5031887620811315,6,10,10
138,1.380132622036722,1.5031887620811315,6,10,10
139,1.380132622036722,1.5031887620811315,6,10,10
140,1.380132622036722,1.5031887620811315,6,10,10
141,1.380132622036722,1.5031887620811315,6,10,10
142,1.380132622036722,1.5031887620811315,6,10,10
143,1.380132622036722,1.5031887620811315,6,10,10
144,1.380132622036722,1.5031887620811315,6,10,10
145,1.380132622036722,1.5031887620811315,6,10,10
146,1.380132622036722,1.5031887620811315,6,10,10
147,1.380132622036722,1.5031887620811315,6,10,10
148,1.380132622036722,1.5031887620811315,6,10,10
149,1.380132622036722,1.5031887620811315,6,10,10
150,1.380132622036722,1.5031887620811315,6,10,10
151,1.380132622036722,1.5031887620811315,6,10,10
152,1.380132622036722,1.5031887620811315,6,10,10
153,1.380132622036722,1.5031887620811315,6,10,10
154,1.380132622036722,1.5031887620811315,6,10,10
155,1.380132622036722,1.5031887620811315,6,10,10
156,1.380132622036722,1.5031887620811315,6,10,10
157,1.380132622036722,1.5031887620811315,6,10,10
158,1.380132622036722,1.5031887620811315,6,10,10
159,1.380132622036722,1.5031887620811315,6,10,10
160,1.380132622036722,1.5031887620811315,6,10,10
161,1.380132622036722,1.5031887620811315,6,10,10
162,1.380132622036722,1.5031887620811315,6,10,10
163,1.380132622036722,1.5031887620811315,6,10,10
164,1.380132622036722,1.5031887620811315,6,10,10
165,1.380132622036722,1.5031887620811315,6,10,10
166,1.380132622036722,1.5031887620811315,6,10,10
167,1.380132622036722,1.5031887620811315,6,10,10
168,1.380132622036722,1.5031887620811315,6,10,10
169,1.380132622036722,1.5031887620811315,6,10,10
170,1.380132622036722,1.5031887620811315,6,10,10
171,1.380132622036722,1.5031887620811315,6,10,10
172,1.380132622036722,1.5031887620811315,6,10,10
173,1.380132622036722,1.5031887620811315,6,10,10
174,1.380132622036722,1.5031887620811315,6,10,10
175,1.380132622036722,1.5031887620811315,6,10,10
176,1.380132622036722,1.5031887620811315,6,10,10
177,1.380132622036722,1.5031887620811315,6,10,10
178,1.380132622036722,1.5031887620811315,6,10,10
179,1.380132622036722,1.5031887620811315,6,10,10
180,1.380132622036722,1.5031887620811315,6,10,10
181,1.380132622036722,1.5031887620811315,6,10,10
182,1.380132622036722,1.5031887620811315,6,10,10
183,1.380132622036722,1.5031887620811315,6,10,10
184,1.380132622036722,1.5031887620811315,6,10,10
185,1.380132622036722,1.5031887620811315,6,10,10
186,1.380132622036722,1.5031887620811315,6,10,10
187,1.380132622036722,1.5031887620811315,6,10,10
188,1.380132622036722,1.5031887620811315,6,10,10
189,1.380132622036722,1.5031887620811315,6,10,10
190,1.380132622036722,1.5031887620811315,6,10,10
191,1.380132622036722,1.5031887620811315,6,10,10
192,1.380132622036722,1.5031887620811315,6,10,10
193,1.380132622036722,1.5031887620811315,6,10,10
194,1.380132622036722,1.5031887620811315,6,10,10
195,1.380132622036722,1.5031887620811315,6,10,10
196,1.380132622036722,1.5031887620811315,6,10,10
197,1.380132622036722,1.5031887620811315,6,10,10
198,1.380132622036722,1.5031887620811315,6,10,10
199,1.380132622036722,1.5031887620811315,6,10,10
200,1.380132622036722,1.5031887620811315,6,10,10
201,1.380132622036722,1.5031887620811315,6,10,10
202,1.380132622036722,1.5031887620811315,6,10,10
203,1.380132622036722,1.5031887620811315,6,10,10
204,1.380132622036722,1.5031887620811315,6,10,10
205,1.380132622036722,1.5031887620811315,6,10,10
206,1.380132622036722,1.5031887620811315,6,10,10
207,1.380132622036722,1.5031887620811315,6,10,10
208,1.380132622036722,1.5031887620811315,6,10,10
209,1.380132622036722,1.5031887620811315,6,10,10
210,1.380132622036722,1.5031887620811315,6,10,10
211,1.380132622036722,1.5031887620811315,6,10,10
212,1.380132622036722,1.5031887620811315,6,10,10
213,1.380132622036722,1.5031887620811315,6,10,10
214,1.380132622036722,1.5031887620811315,6,10,10
215,1.380132622036722,1.5031887620811315,6,10,10
216,1.380132622036722,1.5031887620811315,6,10,10
217,1.380132622036722,1.5031887620811315,6,10,10
218,1.380132622036722,1.5031887620811315,6,10,10
219,1.380132622036722,1.5031887620811315,6,10,10
220,1.380132622036722,1.5031887620811315,6,10,10
221,1.380132622036722,1.5031887620811315,6,10,10
222,1.380132622036722,1.5031887620811315,6,10,10
223,1.380132622036722,1.5031887620811315,6,10,10
224,1.380132622036722,1.5031887620811315,6,10,10
225,1.380132622036722,1.5031887620811315,6,10,10
226,1.380132622036722,1.5031887620811315,6,10,10
227,1.380132622036722,1.5031887620811315,6,10,10
228,1.380132622036722,1.5031887620811315,6,10,10
229,1.380132622036722,1.5031887620811315,6,10,10
230,1.380132622036722,1.5031887620811315,6,10,10
231,1.380132622036722,1.5031887620811315,6,10,10
232,1.380132622036722,1.5031887620811315,6,10,10
233,1.380132622036722,1.5031887620811315,6,10,10
234,1.380132622036722,1.5031887620811315,6,10,10
235,1.380132622036722,1.5031887620811315,6,10,10
236,1.380132622036722,1.5031887620811315,6,10,10
237,1.380132622036722,1.5031887620811315,6,10,10
238,1.380132622036722,1.5031887620811315,6,10,10
239,1.380132622036722,1.5031887620811315,6,10,10
240,1.380132622036722,1.5031887620811315,6,10,10
241,1.380132622036722,1.5031887620811315,6,10,10
242,1.380132622036722,1.5031887620811315,6,10,10
243,1.380132622036722,1.5031887620811315,6,10,10
244,1.380132622036722,1.5031887620811315,6,10,10
245,1.380132622036722,1.5031887620811315,6,10,10
246,1.380132622036722,1.5031887620811315,6,10,10
247,1.380132622036722,1.5031887620811315,6,10,10
248,1.380132622036722,1.5031887620811315,6,10,10
249,1.380132622036722,1.5031887620811315,6,10,10
250,1.380132622036722,1.5031887620811315,6,10,10
251,1.380132622036722,1.5031887620811315,6,10,10
252,1.380132622036722,1.5031887620811315,6,10,10
253,1.380132622036722,1.5031887620811315,6,10,10
254,1.380132622036722,1.5031887620811315,6,10,10
255,1.380132622036722,1.5031887620811315,6,10,10
256,1.380132622036722,1.5031887620811315,6,10,10
257,1.380132622036722,1.5031887620811315,6,10,10
258,1.380132622036722,1.5031887620811315,6,10,10
259,1.380132622036722,1.5031887620811315,6,10,10
260,1.380132622036722,1.5031887620811315,6,10,10
261,1.380132622036722,1.5031887620811315,6,10,10
262,1.380132622036722,1.5031887620811315,6,10,10
263,1.380132622036722,1.5031887620811315,6,10,10
264,1.380132622036722,1.5031887620811315,6,10,10
265,1.380132622036722,1.5031887620811315,6,10,10
266,1.380132622036722,1.5031887620811315,6,10,10
267,1.380132622036722,1.5031887620811315,6,10,10
268,1.380132622036722,1.5031887620811315,6,10,10
269,1.380132622036722,1.5031887620811315,6,10,10
270,1.380132622036722,1.5031887620811315,6,10,10
271,1.380132622036722,1.5031887620811315,6,10,10
272,1.380132622036722,1.5031887620811315,6,10,10
273,1.380132622036722,1.5031887620811315,6,10,10
274,1.380132622036722,1.5031887620811315,6,10,10
275,1.380132622036722,1.5031887620811315,6,10,10
276,1.380132622036722,1.5031887620811315,6,10,10
277,1.380132622036722,1.5031887620811315,6,10,10
278,1.380132622036722,1.5031887620811315,6,10,10
279,1.380132622036722,1.5031887620811315,6,10,10
280,1.380132622036722,1.5031887620811315,6,10,10
281,1.380132622036722,1.5031887620811315,6,10,10
282,1.380132622036722,1.5031887620811315,6,10,10
283,1.380132622036722,1.5031887620811315,6,10,10
284,1.380132622036722,1.5031887620811315,6,10,10
285,1.380132622036722,1.5031887620811315,6,10,10
286,1.380132622036722,1.5031887620811315,6,10,10
287,1.380132622036722,1.5031887620811315,6,10,10
288,1.380132622036722,1.5031887620811315,6,10,10
289,1.380132622036722,1.5031887620811315,6,10,10
290,1.380132622036722,1.5031887620811315,6,10,10
291,1.380132622036722,1.5031887620811315,6,10,10
292,1.380132622036722,1.5031887620811315,6,10,10
293,1.380132622036722,1.5031887620811315,6,10,10
294,1.380132622036722,1.5031887620811315,6,10,10
295,1.380132622036722,1.5031887620811315,6,10,10
296,1.380132622036722,1.5031887620811315,6,10,10
297,1.380132622036722,1.5031887620811315,6,10,10
298,1.380132622036722,1.5031887620811315,6,10,10
299,1.380132622036722,1.5031887620811315,6,10,10
300,1.380132622036722,1.5031887620811315,6,10,10
301,1.380132622036722,1.5031887620811315,6,10,10
302,1.380132622036722,1.5031887620811315,6,10,10
303,1.380132622036722,1.5031887620811315,6,10,10
304,1.380132622036722,1.5031887620811315,6,10,10
305,1.380132622036722,1.5031887620811315,6,10,10
306,1.380132622036722,1.5031887620811315,6,10,10
307,1.380132622036722,1.5031887620811315,6,10,10
308,1.380132622036722,1.5031887620811315,6,10,10
309,1.380132622036722,1.5031887620811315,6,10,10
310,1.380132622036722,1.5031887620811315,6,10,10
311,1.380132622036722,1.5031887620811315,6,10,10
312,1.380132622036722,1.5031887620811315,6,10,10
313,1.380132622036722,1.5031887620811315,6,10,10
314,1.380132622036722,1.5031887620811315,6,10,10
315,1.380132622036722,1.5031887620811315,6,10,10
316,1.380132622036722,1.5031887620811315,6,10,10
317,1.380132622036722,1.5031887620811315,6,10,10
318,1.380132622036722,1.5031887620811315,6,10,10
319,1.380132622036722,1.5031887620811315,6,10,10
320,1.380132622036722,1.5031887620811315,6,10,10
321,1.380132622036722,1.5031887620811315,6,10,10
322,1.380132622036722,1.5031887620811315,6,10,10
323,1.380132622036722,1.5031887620811315,6,10,10
324,1.380132622036722,1.5031887620811315,6,10,10
325,1.380132622036722,1.5031887620811315,6,10,10
326,1.380132622036722,1.5031887620811315,6,10,10
327,1.380132622036722,1.5031887620811315,6,10,10
328,1.380132622036722,1.5031887620811315,6,10,10
329,1.380132622036722,1.5031887620811315,6,10,10
330,1.380132622036722,1.5031887620811315,6,10,10
331,1.380132622036722,1.5031887620811315,6,10,10
332,1.380132622036722,1.5031887620811315,6,10,10
333,1.380132622036722,1.5031887620811315,6,10,10
334,1.380132622036722,1.5031887620811315,6,10,10
335,1.380132622036722,1.5031887620811315,6,10,10
336,1.380132622036722,1.5031887620811315,6,10,10
337,1.380132622036722,1.5031887620811315,6,10,10
338,1.380132622036722,1.5031887620811315,6,10,10
339,1.380132622036722,1.5031887620811315,6,10,10
340,1.380132622036722,1.5031887620811315,6,10,10
341,1.380132622036722,1.5031887620811315,6,10,10
342,1.380132622036722,1.5031887620811315,6,10,10
343,1.380132622036722,1.5031887620811315,6,10,10
344,1.380132622036722,1.5031887620811315,6,10,10
345,1.380132622036722,1.5031887620811315,6,10,10
346,1.380132622036722,1.5031887620811315,6,10,10
347,1.380132622036722,1.5031887620811315,6,10,10
348,1.380132622036722,1.5031887620811315,6,10,10
349,1.380132622036722,1.5031887620811315,6,10,10
350,1.380132622036722,1.5031887620811315,6,10,10
351,1.380132622036722,1.5031887620811315,6,10,10
352,1.380132622036722,1.5031887620811315,6,10,10
353,1.380132622036722,1.5031887620811315,6,10,10
354,1.380132622036722,1.5031887620811315,6,10,10
355,1.380132622036722,1.5031887620811315,6,10,10
356,1.380132622036722,1.5031887620811315,6,10,10
357,1.380132622036722,1.5031887620811315,6,10,10
358,1.380132622036722,1.5031887620811315,6,10,10
359,1.380132622036722,1.5031887620811315,6,10,10
360,1.380132622036722,1.5031887620811315,6,10,10
361,1.380132622036722,1.5031887620811315,6,10,10
362,1.380132622036722,1.5031887620811315,6,10,10
363,1.380132622036722,1.5031887620811315,6,10,10
364,1.380132622036722,1.5031887620811315,6,10,10
365,1.380132622036722,1.5031887620811315,6,10,10
366,1.380132622036722,1.5031887620811315,6,10,10
367,1.380132622036722,1.5031887620811315,6,10,10
368,1.380132622036722,1.5031887620811315,6,10,10
369,1.380132622036722,1.5031887620811315,6,10,10
370,1.380132622036722,1.5031887620811315,6,10,10
371,1.380132622036722,1.5031887620811315,6,10,10
372,1.380132622036722,1.5031887620811315,6,10,10
373,1.380132622036722,1.5031887620811315,6,10,10
374,1.380132622036722,1.5031887620811315,6,10,10
375,1.380132622036722,1.5031887620811315,6,10,10
376,1.380132622036722,1.5031887620811315,6,10,10
377,1.380132622036722,1.5031887620811315,6,10,10
378,1.380132622036722,1.5031887620811315,6,10,10
379,1.380132622036722,1.5031887620811315,6,10,10
380,1.380132622036722,1.5031887620811315,6,10,10
381,1.380132622036722,1.5031887620811315,6,10,10
382,1.380132622036722,1.5031887620811315,6,10,10
383,1.380132622036722,1.5031887620811315,6,10,10
384,1.380132622036722,1.5031887620811315,6,10,10
385,1.380132622036722,1.5031887620811315,6,10,10
386,1.380132622036722,1.5031887620811315,6,10,10
387,1.380132622036722,1.5031887620811315,6,10,10
388,1.380132622036722,1.5031887620811315,6,10,10
389,1.380132622036722,1.5031887620811315,6,10,10
390,1.380132622036722,1.5031887620811315,6,10,10
391,1.380132622036722,1.5031887620811315,6,10,10
392,1.380132622036722,1.5031887620811315,6,10,10
393,1.380132622036722,1.5031887620811315,6,10,10
394,1.380132622036722,1.5031887620811315,6,10,10
395,1.380132622036722,1.5031887620811315,6,10,10
396,1.380132622036722,1.5031887620811315,6,10,10
397,1.380132622036722,1.5031887620811315,6,10,10
398,1.380132622036722,1.5031887620811315,6,10,10
399,1.380132622036722,1.5031887620811315,6,10,10
400,1.380132622036722,1.5031887620811315,6,10,10
401,1.380132622036722,1.5031887620811315,6,10,10
402,1.380132622036722,1.5031887620811315,6,10,10
403,1.380132622036722,1.5031887620811315,6,10,10
404,1.380132622036722,1.5031887620811315,6,10,10
405,1.380132622036722,1.5031887620811315,6,10,10
406,1.380132622036722,1.5031887620811315,6,10,10
407,1.380132622036722,1.5031887620811315,6,10,10
408,1.380132622036722,1.5031887620811315,6,10,10
409,1.380132622036722,1.5031887620811315,6,10,10
410,1.380132622036722,1.5031887620811315,6,10,10
411,1.380132622036722,1.5031887620811315,6,10,10
412,1.380132622036722,1.5031887620811315,6,10,10
413,1.380132622036722,1.5031887620811315,6,10,10
414,1.380132622036722,1.5031887620811315,6,10,10
415,1.380132622036722,1.5031887620811315,6,10,10
416,1.380132622036722,1.5031887620811315,6,10,10
417,1.380132622036722,1.5031887620811315,6,10,10
418,1.380132622036722,1.5031887620811315,6,10,10
419,1.380132622036722,1.5031887620811315,6,10,10
420,1.380132622036722,1.5031887620811315,6,10,10
421,1.380132622036722,1.5031887620811315,6,10,10
422,1.380132622036722,1.5031887620811315,6,10,10
423,1.380132622036722,1.5031887620811315,6,10,10
424,1.380132622036722,1.5031887620811315,6,10,10
425,1.380132622036722,1.5031887620811315,6,10,10
426,1.380132622036722,1.5031887620811315,6,10,10
427,1.380132622036722,1.5031887620811315,6,10,10
428,1.380132622036722,1.5031887620811315,6,10,10
429,1.380132622036722,1.5031887620811315,6,10,10
430,1.380132622036722,1.5031887620811315,6,10,10
431,1.380132622036722,1.5031887620811315,6,10,10
432,1.380132622036722,1.5031887620811315,6,10,10
433,1.380132622036722,1.5031887620811315,6,10,10
434,1.380132622036722,1.5031887620811315,6,10,10
435,1.380132622036722,1.5031887620811315,6,10,10
436,1.380132622036722,1.5031887620811315,6,10,10
437,1.380132622036722,1.5031887620811315,6,10,10
438,1.380132622036722,1.5031887620811315,6,10,10
439,1.380132622036722,1.5031887620811315,6,10,10
440,1.380132622036722,1.5031887620811315,6,10,10
441,1.380132622036722,1.5031887620811315,6,10,10
442,1.380132622036722,1.5031887620811315,6,10,10
443,1.380132622036722,1.5031887620811315,6,10,10
444,1.380132622036722,1.5031887620811315,6,10,10
445,1.380132622036722,1.5031887620811315,6,10,10
446,1.380132622036722,1.5031887620811315,6,10,10
447,1.380132622036722,1.5031887620811315,6,10,10
448,1.380132622036722,1.5031887620811315,6,10,10
449,1.380132622036722,1.5031887620811315,6,10,10
450,1.380132622036722,1.5031887620811315,6,10,10
451,1.380132622036722,1.5031887620811315,6,10,10
452,1.380132622036722,1.5031887620811315,6,10,10
453,1.380132622036722,1.5031887620811315,6,10,10
454,1.380132622036722,1.5031887620811315,6,10,10
455,1.380132622036722,1.5031887620811315,6,10,10
456,1.380132622036722,1.5031887620811315,6,10,10
457,1.380132622036722,1.5031887620811315,6,10,10
458,1.380132622036722,1.5031887620811315,6,10,10
459,1.380132622036722,1.5031887620811315,6,10,10
460,1.380132622036722,1.5031887620811315,6,10,10
461,1.380132622036722,1.5031887620811315,6,10,10
462,1.380132622036722,1.5031887620811315,6,10,10
463,1.380132622036722,1.5031887620811315,6,10,10
464,1.380132622036722,1.5031887620811315,6,10,10
465,1.380132622036722,1.5031887620811315,6,10,10
466,1.380132622036722,1.5031887620811315,6,10,10
467,1.380132622036722,1.5031887620811315,6,10,10
468,1.380132622036722,1.5031887620811315,6,10,10
469,1.380132622036722,1.5031887620811315,6,10,10
470,1.380132622036722,1.5031887620811315,6,10,10
471,1.380132622036722,1.5031887620811315,6,10,10
472,1.380132622036722,1.5031887620811315,6,10,10
473,1.380132622036722,1.5031887620811315,6,10,10
474,1.380132622036722,1.5031887620811315,6,10,10
475,1.380132622036722,1.5031887620811315,6,10,10
476,1.380132622036722,1.5031887620811315,6,10,10
477,1.380132622036722,1.5031887620811315,6,10,10
478,1.380132622036722,1.5031887620811315,6,10,10
479,1.380132622036722,1.5031887620811315,6,10,10
480,1.380132622036722,1.5031887620811315,6,10,10
481,1.380132622036722,1.5031887620811315,6,10,10
482,1.380132622036722,1.5031887620811315,6,10,10
483,1.380132622036722,1.5031887620811315,6,10,10
484,1.380132622036722,1.5031887620811315,6,10,10
485,1.380132622036722,1.5031887620811315,6,10,10
486,1.380132622036722,1.5031887620811315,6,10,10
487,1.380132622036722,1.5031887620811315,6,10,10
488,1.380132622036722,1.5031887620811315,6,10,10
489,1.380132622036722,1.5031887620811315,6,10,10
490,1.380132622036722,1.5031887620811315,6,10,10
491,1.380132622036722,1.5031887620811315,6,10,10
492,1.380132622036722,1.5031887620811315,6,10,10
493,1.380132622036722,1.5031887620811315,6,10,10
494,1.380132622036722,1.5031887620811315,6,10,10
495,1.380132622036722,1.5031887620811315,6,10,10
496,1.380132622036722,1.5031887620811315,6,10,10
497,1.380132622036722,1.5031887620811315,6,10,10
498,1.380132622036722,1.5031887620811315,6,10,10
499,1.380132622036722,1.5031887620811315,6,10,10
500,1.380132622036722,1.5031887620811315,6,10,10
501,1.380132622036722,1.5031887620811315,6,10,10
502,1.380132622036722,1.5031887620811315,6,10,10
503,1.380132622036722,1.5031887620811315,6,10,10
504,1.380132622036722,1.5031887620811315,6,10,10
505,1.380132622036722,1.5031887620811315,6,10,10
506,1.380132622036722,1.5031887620811315,6,10,10
507,1.380132622036722,1.5031887620811315,6,10,10
508,1.380132622036722,1.5031887620811315,6,10,10
509,1.380132622036722,1.5031887620811315,6,10,10
510,1.380132622036722,1.5031887620811315,6,10,10
511,1.380132622036722,1.5031887620811315,6,10,10
512,1.380132622036722,1.5031887620811315,6,10,10
513,1.380132622036722,1.5031887620811315,6,10,10
514,1.380132622036722,1.5031887620811315,6,10,10
515,1.380132622036722,1.5031887620811315,6,10,10
516,1.380132622036722,1.5031887620811315,6,10,10
517,1.380132622036722,1.5031887620811315,6,10,10
518,1.380132622036722,1.5031887620811315,6,10,10
519,1.380132622036722,1.5031887620811315,6,10,10
520,1.380132622036722,1.5031887620811315,6,10,10
521,1.380132622036722,1.5031887620811315,6,10,10
522,1.380132622036722,1.5031887620811315,6,10,10
523,1.380132622036722,1.5031887620811315,6,10,10
524,1.380132622036722,1.5031887620811315,6,10,10
525,1.380132622036722,1.5031887620811315,6,10,10
526,1.380132622036722,1.5031887620811315,6,10,10
527,1.380132622036722,1.5031887620811315,6,10,10
528,1.380132622036722,1.5031887620811315,6,10,10
529,1.380132622036722,1.5031887620811315,6,10,10
530,1.380132622036722,1.5031887620811315,6,10,10
531,1.380132622036722,1.5031887620811315,6,10,10
532,1.380132622036722,1.5031887620811315,6,10,10
533,1.380132622036722,1.5031887620811315,6,10,10
534,1.380132622036722,1.5031887620811315,6,10,10
535,1.380132622036722,1.5031887620811315,6,10,10
536,1.380132622036722,1.5031887620811315,6,10,10
537,1.380132622036722,1.5031887620811315,6,10,10
538,1.380132622036722,1.5031887620811315,6,10,10
539,1.380132622036722,1.5031887620811315,6,10,10
540,1.380132622036722,1.5031887620811315,6,10,10
541,1.380132622036722,1.5031887620811315,6,10,10
542,1.380132622036722,1.5031887620811315,6,10,10
543,1.380132622036722,1.5031887620811315,6,10,10
544,1.380132622036722,1.5031887620811315,6,10,10
545,1.380132622036722,1.5031887620811315,6,10,10
546,1.380132622036722,1.5031887620811315,6,10,10
547,1.380132622036722,1.5031887620811315,6,10,10
548,1.380132622036722,1.5031887620811315,6,10,10
549,1.380132622036722,1.5031887620811315,6,10,10
550,1.380132622036722,1.5031887620811315,6,10,10
551,1.380132622036722,1.5031887620811315,6,10,10
552,1.380132622036722,1.5031887620811315,6,10,10
553,1.380132622036722,1.5031887620811315,6,10,10
554,1.380132622036722,1.5031887620811315,6,10,10
555,1.380132622036722,1.5031887620811315,6,10,10
556,1.380132622036722,1.5031887620811315,6,10,10
557,1.380132622036722,1.5031887620811315,6,10,10
558,1.380132622036722,1.5031887620811315,6,10,10
559,1.380132622036722,1.5031887620811315,6,10,10
560,1.380132622036722,1.5031887620811315,6,10,10
561,1.380132622036722,1.5031887620811315,6,10,10
562,1.380132622036722,1.5031887620811315,6,10,10
563,1.380132622036722,1.5031887620811315,6,10,10
564,1.380132622036722,1.5031887620811315,6,10,10
565,1.380132622036722,1.5031887620811315,6,10,10
566,1.380132622036722,1.5031887620811315,6,10,10
567,1.380132622036722,1.5031887620811315,6,10,10
568,1.380132622036722,1.5031887620811315,6,10,10
569,1.380132622036722,1.5031887620811315,6,10,10
570,1.380132622036722,1.5031887620811315,6,10,10
571,1.380132622036722,1.5031887620811315,6,10,10
572,1.380132622036722,1.5031887620811315,6,10,10
573,1.380132622036722,1.5031887620811315,6,10,10
574,1.380132622036722,1.5031887620811315,6,10,10
575,1.380132622036722,1.5031887620811315,6,10,10
576,1.380132622036722,1.5031887620811315,6,10,10
577,1.380132622036722,1.5031887620811315,6,10,10
578,1.380132622036722,1.5031887620811315,6,10,10
579,1.380132622036722,1.5031887620811315,6,10,10
580,1.380132622036722,1.5031887620811315,6,10,10
581,1.380132622036722,1.5031887620811315,6,10,10
582,1.380132622036722,1.5031887620811315,6,10,10
583,1.380132622036722,1.5031887620811315,6,10,10
584,1.380132622036722,1.5031887620811315,6,10,10
585,1.380132622036722,1.5031887620811315,6,10,10
586,1.380132622036722,1.5031887620811315,6,10,10
587,1.380132622036722,1.5031887620811315,6,10,10
588,1.380132622036722,1.5031887620811315,6,10,10
589,1.380132622036722,1.5031887620811315,6,10,10
590,1.380132622036722,1.5031887620811315,6,10,10
591,1.380132622036722,1.5031887620811315,6,10,10
592,1.380132622036722,1.5031887620811315,6,10,10
593,1.380132622036722,1.5031887620811315,6,10,10
594,1.380132622036722,1.5031887620811315,6,10,10
595,1.380132622036722,1.5031887620811315,6,10,10
596,1.380132622036722,1.5031887620811315,6,10,10
597,1.380132622036722,1.5031887620811315,6,10,10
598,1.380132622036722,1.5031887620811315,6,10,10
599,1.380132622036722,1.5031887620811315,6,10,10
600,1.380132622036722,1.5031887620811315,6,10,10
601,1.380132622036722,1.5031887620811315,6,10,10
602,1.380132622036722,1.5031887620811315,6,10,10
603,1.380132622036722,1.5031887620811315,6,10,10
604,1.380132622036722,1.5031887620811315,6,10,10
605,1.380132622036722,1.5031887620811315,6,10,10
606,1.380132622036722,1.5031887620811315,6,10,10
607,1.380132622036722,1.5031887620811315,6,10,10
608,1.380132622036722,1.5031887620811315,6,10,10
609,1.380132622036722,1.5031887620811315,6,10,10
610,1.380132622036722,1.5031887620811315,6,10,10
611,1.380132622036722,1.5031887620811315,6,10,10
612,1.380132622036722,1.5031887620811315,6,10,10
613,1.380132622036722,1.5031887620811315,6,10,10
614,1.380132622036722,1.5031887620811315,6,10,10
615,1.380132622036722,1.5031887620811315,6,10,10
616,1.380132622036722,1.5031887620811315,6,10,10
617,1.380132622036722,1.5031887620811315,6,10,10
618,1.380132622036722,1.5031887620811315,6,10,10
619,1.380132622036722,1.5031887620811315,6,10,10
620,1.380132622036722,1.5031887620811315,6,10,10
621,1.380132622036722,1.5031887620811315,6,10,10
622,1.380132622036722,1.5031887620811315,6,10,10
623,1.380132622036722,1.5031887620811315,6,10,10
624,1.380132622036722,1.5031887620811315,6,10,10
625,1.380132622036722,1.5031887620811315,6,10,10
626,1.380132622036722,1.5031887620811315,6,10,10
627,1.380132622036722,1.5031887620811315,6,10,10
628,1.380132622036722,1.5031887620811315,6,10,10
629,1.380132622036722,1.5031887620811315,6,10,10
630,1.380132622036722,1.5031887620811315,6,10,10
631,1.380132622036722,1.5031887620811315,6,10,10
632,1.380132622036722,1.5031887620811315,6,10,10
633,1.380132622036722,1.5031887620811315,6,10,10
634,1.380132622036722,1.5031887620811315,6,10,10
635,1.380132622036722,1.5031887620811315,6,10,10
636,1.380132622036722,1.5031887620811315,6,10,10
637,1.380132622036722,1.5031887620811315,6,10,10
638,1.380132622036722,1.5031887620811315,6,10,10
639,1.380132622036722,1.5031887620811315,6,10,10
640,1.380132622036722,1.5031887620811315,6,10,10
641,1.380132622036722,1.5031887620811315,6,10,10
642,1.380132622036722,1.5031887620811315,6,10,10
643,1.380132622036722,1.5031887620811315,6,10,10
644,1.380132622036722,1.5031887620811315,6,10,10
645,1.380132622036722,1.5031887620811315,6,10,10
646,1.380132622036722,1.5031887620811315,6,10,10
647,1.380132622036722,1.5031887620811315,6,10,10
648,1.380132622036722,1.5031887620811315,6,10,10
649,1.380132622036722,1.5031887620811315,6,10,10
650,1.380132622036722,1.5031887620811315,6,10,10
651,1.380132622036722,1.5031887620811315,6,10,10
652,1.380132622036722,1.5031887620811315,6,10,10
653,1.380132622036722,1.5031887620811315,6,10,10
654,1.380132622036722,1.5031887620811315,6,10,10
655,1.380132622036722,1.5031887620811315,6,10,10
656,1.380132622036722,1.5031887620811315,6,10,10
657,1.380132622036722,1.5031887620811315,6,10,10
658,1.380132622036722,1.5031887620811315,6,10,10
659,1.380132622036722,1.5031887620811315,6,10,10
660,1.380132622036722,1.5031887620811315,6,10,10
661,1.380132622036722,1.5031887620811315,6,10,10
662,1.380132622036722,1.5031887620811315,6,10,10
663,1.380132622036722,1.5031887620811315,6,10,10
664,1.380132622036722,1.5031887620811315,6,10,10
665,1.380132622036722,1.5031887620811315,6,10,10
666,1.380132622036722,1.5031887620811315,6,10,10
667,1.380132622036722,1.5031887620811315,6,10,10
668,1.380132622036722,1.5031887620811315,6,10,10
669,1.380132622036722,1.5031887620811315,6,10,10
670,1.380132622036722,1.5031887620811315,6,10,10
671,1.380132622036722,1.5031887620811315,6,10,10
672,1.380132622036722,1.5031887620811315,6,10,10
673,1.380132622036722,1.5031887620811315,6,10,10
674,1.380132622036722,1.5031887620811315,6,10,10
675,1.380132622036722,1.5031887620811315,6,10,10
676,1.380132622036722,1.5031887620811315,6,10,10
677,1.380132622036722,1.5031887620811315,6,10,10
678,1.380132622036722,1.5031887620811315,6,10,10
679,1.380132622036722,1.5031887620811315,6,10,10
680,1.380132622036722,1.5031887620811315,6,10,10
681,1.380132622036722,1.5031887620811315,6,10,10
682,1.380132622036722,1.5031887620811315,6,10,10
683,1.380132622036722,1.5031887620811315,6,10,10
684,1.380132622036722,1.5031887620811315,6,10,10
685,1.380132622036722,1.5031887620811315,6,10,10
686,1.380132622036722,1.5031887620811315,6,10,10
687,1.380132622036722,1.5031887620811315,6,10,10
688,1.380132622036722,1.5031887620811315,6,10,10
689,1.380132622036722,1.5031887620811315,6,10,10
690,1.380132622036722,1.5031887620811315,6,10,10
691,1.380132622036722,1.5031887620811315,6,10,10
692,1.380132622036722,1.5031887620811315,6,10,10
693,1.380132622036722,1.5031887620811315,6,10,10
694,1.380132622036722,1.5031887620811315,6,10,10
695,1.380132622036722,1.5031887620811315,6,10,10
696,1.380132622036722,1.5031887620811315,6,10,10
697,1.380132622036722,1.5031887620811315,6,10,10
698,1.380132622036722,1.5031887620811315,6,10,10
699,1.380132622036722,1.5031887620811315,6,10,10
700,1.380132622036722,1.5031887620811315,6,10,10
701,1.380132622036722,1.5031887620811315,6,10,10
702,1.380132622036722,1.5031887620811315,6,10,10
703,1.380132622036722,1.5031887620811315,6,10,10
704,1.380132622036722,1.5031887620811315,6,10,10
705,1.380132622036722,1.5031887620811315,6,10,10
706,1.380132622036722,1.5031887620811315,6,10,10
707,1.380132622036722,1.5031887620811315,6,10,10
708,1.380132622036722,1.5031887620811315,6,10,10
709,1.380132622036722,1.5031887620811315,6,10,10
710,1.380132622036722,1.5031887620811315,6,10,10
711,1.380132622036722,1.5031887620811315,6,10,10
712,1.380132622036722,1.5031887620811315,6,10,10
713,1.380132622036722,1.5031887620811315,6,10,10
714,1.380132622036722,1.5031887620811315,6,10,10
715,1.380132622036722,1.5031887620811315,6,10,10
716,1.380132622036722,1.5031887620811315,6,10,10
717,1.380132622036722,1.5031887620811315,6,10,10
718,1.380132622036722,1.5031887620811315,6,10,10
719,1.380132622036722,1.5031887620811315,6,10,10
720,1.380132622036722,1.5031887620811315,6,10,10
721,1.380132622036722,1.5031887620811315,6,10,10
722,1.380132622036722,1.5031887620811315,6,10,10
723,1.380132622036722,1.5031887620811315,6,10,10
724,1.380132622036722,1.5031887620811315,6,10,10
725,1.380132622036722,1.5031887620811315,6,10,10
726,1.380132622036722,1.5031887620811315,6,10,10
727,1.380132622036722,1.5031887620811315,6,10,10
728,1.380132622036722,1.5031887620811315,6,10,10
729,1.380132622036722,1.5031887620811315,6,10,10
730,1.380132622036722,1.5031887620811315,6,10,10
731,1.380132622036722,1.5031887620811315,6,10,10
732,1.380132622036722,1.5031887620811315,6,10,10
733,1.380132622036722,1.5031887620811315,6,10,10
734,1.380132622036722,1.5031887620811315,6,10,10
735,1.380132622036722,1.5031887620811315,6,10,10
736,1.380132622036722,1.5031887620811315,6,10,10
737,1.380132622036722,1.5031887620811315,6,10,10
738,1.380132622036722,1.5031887620811315,6,10,10
739,1.380132622036722,1.5031887620811315,6,10,10
740,1.380132622036722,1.5031887620811315,6,10,10
741,1.380132622036722,1.5031887620811315,6,10,10
742,1.380132622036722,1.5031887620811315,6,10,10
743,1.380132622036722,1.5031887620811315,6,10,10
744,1.380132622036722,1.5031887620811315,6,10,10
745,1.380132622036722,1.5031887620811315,6,10,10
746,1.380132622036722,1.5031887620811315,6,10,10
747,1.380132622036722,1.5031887620811315,6,10,10
748,1.380132622036722,1.5031887620811315,6,10,10
749,1.380132622036722,1.5031887620811315,6,10,10
750,1.380132622036722,1.5031887620811315,6,10,10
751,1.380132622036722,1.5031887620811315,6,10,10
752,1.380132622036722,1.5031887620811315,6,10,10
753,1.380132622036722,1.5031887620811315,6,10,10
754,1.380132622036722,1.5031887620811315,6,10,10
755,1.380132622036722,1.5031887620811315,6,10,10
756,1.380132622036722,1.5031887620811315,6,10,10
757,1.380132622036722,1.5031887620811315,6,10,10
758,1.380132622036722,1.5031887620811315,6,10,10
759,1.380132622036722,1.5031887620811315,6,10,10
760,1.380132622036722,1.5031887620811315,6,10,10
761,1.380132622036722,1.5031887620811315,6,10,10
762,1.380132622036722,1.5031887620811315,6,10,10
763,1.380132622036722,1.5031887620811315,6,10,10
764,1.380132622036722,1.5031887620811315,6,10,10
765,1.380132622036722,1.5031887620811315,6,10,10
766,1.380132622036722,1.5031887620811315,6,10,10
767,1.380132622036722,1.5031887620811315,6,10,10
768,1.380132622036722,1.5031887620811315,6,10,10
769,1.380132622036722,1.5031887620811315,6,10,10
770,1.380132622036722,1.5031887620811315,6,10,10
771,1.380132622036722,1.5031887620811315,6,10,10
772,1.380132622036722,1.5031887620811315,6,10,10
773,1.380132622036722,1.5031887620811315,6,10,10
774,1.380132622036722,1.5031887620811315,6,10,10
775,1.380132622036722,1.5031887620811315,6,10,10
776,1.380132622036722,1.5031887620811315,6,10,10
777,1.380132622036722,1.5031887620811315,6,10,10
778,1.380132622036722,1.5031887620811315,6,10,10
779,1.380132622036722,1.5031887620811315,6,10,10
780,1.380132622036722,1.5031887620811315,6,10,10
781,1.380132622036722,1.5031887620811315,6,10,10
782,1.380132622036722,1.5031887620811315,6,10,10
783,1.380132622036722,1.5031887620811315,6,10,10
784,1.380132622036722,1.5031887620811315,6,10,10
785,1.380132622036722,1.5031887620811315,6,10,10
786,1.380132622036722,1.5031887620811315,6,10,10
787,1.380132622036722,1.5031887620811315,6,10,10
788,1.380132622036722,1.5031887620811315,6,10,10
789,1.380132622036722,1.5031887620811315,6,10,10
790,1.380132622036722,1.5031887620811315,6,10,10
791,1.380132622036722,1.5031887620811315,6,10,10
792,1.380132622036722,1.5031887620811315,6,10,10
793,1.380132622036722,1.5031887620811315,6,10,10
794,1.380132622036722,1.5031887620811315,6,10,10
795,1.380132622036722,1.5031887620811315,6,10,10
796,1.380132622036722,1.5031887620811315,6,10,10
797,1.380132622036722,1.5031887620811315,6,10,10
798,1.380132622036722,1.5031887620811315,6,10,10
799,1.380132622036722,1.5031887620811315,6,10,10
800,1.380132622036722,1.5031887620811315,6,10,10
801,1.380132622036722,1.5031887620811315,6,10,10
802,1.380132622036722,1.5031887620811315,6,10,10
803,1.380132622036722,1.5031887620811315,6,10,10
804,1.380132622036722,1.5031887620811315,6,10,10
805,1.380132622036722,1.5031887620811315,6,10,10
806,1.380132622036722,1.5031887620811315,6,10,10
807,1.380132622036722,1.5031887620811315,6,10,10
808,1.380132622036722,1.5031887620811315,6,10,10
809,1.380132622036722,1.5031887620811315,6,10,10
810,1.380132622036722,1.5031887620811315,6,10,10
811,1.380132622036722,1.5031887620811315,6,10,10
812,1.380132622036722,1.5031887620811315,6,10,10
813,1.380132622036722,1.5031887620811315,6,10,10
814,1.380132622036722,1.5031887620811315,6,10,10
815,1.380132622036722,1.5031887620811315,6,10,10
816,1.380132622036722,1.5031887620811315,6,10,10
817,1.380132622036722,1.5031887620811315,6,10,10
818,1.380132622036722,1.5031887620811315,6,10,10
819,1.380132622036722,1.5031887620811315,6,10,10
820,1.380132622036722,1.5031887620811315,6,10,10
821,1.380132622036722,1.5031887620811315,6,10,10
822,1.380132622036722,1.5031887620811315,6,10,10
823,1.380132622036722,1.5031887620811315,6,10,10
824,1.380132622036722,1.5031887620811315,6,10,10
825,1.380132622036722,1.5031887620811315,6,10,10
826,1.380132622036722,1.5031887620811315,6,10,10
827,1.380132622036722,1.5031887620811315,6,10,10
828,1.380132622036722,1.5031887620811315,6,10,10
829,1.380132622036722,1.5031887620811315,6,10,10
830,1.380132622036722,1.5031887620811315,6,10,10
831,1.380132622036722,1.5031887620811315,6,10,10
832,1.380132622036722,1.5031887620811315,6,10,10
833,1.380132622036722,1.5031887620811315,6,10,10
834,1.380132622036722,1.5031887620811315,6,10,10
835,1.380132622036722,1.5031887620811315,6,10,10
836,1.380132622036722,1.5031887620811315,6,10,10
837,1.380132622036722,1.5031887620811315,6,10,10
838,1.380132622036722,1.5031887620811315,6,10,10
839,1.380132622036722,1.5031887620811315,6,10,10
840,1.380132622036722,1.5031887620811315,6,10,10
841,1.380132622036722,1.5031887620811315,6,10,10
842,1.380132622036722,1.5031887620811315,6,10,10
843,1.380132622036722,1.5031887620811315,6,10,10
844,1.380132622036722,1.5031887620811315,6,10,10
845,1.380132622036722,1.5031887620811315,6,10,10
846,1.380132622036722,1.5031887620811315,6,10,10
847,1.380132622036722,1.5031887620811315,6,10,10
848,1.380132622036722,1.5031887620811315,6,10,10
849,1.380132622036722,1.5031887620811315,6,10,10
850,1.380132622036722,1.5031887620811315,6,10,10
851,1.380132622036722,1.5031887620811315,6,10,10
852,1.380132622036722,1.5031887620811315,6,10,10
853,1.380132622036722,1.5031887620811315,6,10,10
854,1.380132622036722,1.5031887620811315,6,10,10
855,1.380132622036722,1.5031887620811315,6,10,10
856,1.380132622036722,1.5031887620811315,6,10,10
857,1.380132622036722,1.5031887620811315,6,10,10
858,1.380132622036722,1.5031887620811315,6,10,10
859,1.380132622036722,1.5031887620811315,6,10,10
860,1.380132622036722,1.5031887620811315,6,10,10
861,1.380132622036722,1.5031887620811315,6,10,10
862,1.380132622036722,1.5031887620811315,6,10,10
863,1.380132622036722,1.5031887620811315,6,10,10
864,1.380132622036722,1.5031887620811315,6,10,10
865,1.380132622036722,1.5031887620811315,6,10,10
866,1.380132622036722,1.5031887620811315,6,10,10
867,1.380132622036722,1.5031887620811315,6,10,10
868,1.380132622036722,1.5031887620811315,6,10,10
869,1.380132622036722,1.5031887620811315,6,10,10
870,1.380132622036722,1.5031887620811315,6,10,10
871,1.380132622036722,1.5031887620811315,6,10,10
872,1.380132622036722,1.5031887620811315,6,10,10
873,1.380132622036722,1.5031887620811315,6,10,10
874,1.380132622036722,1.5031887620811315,6,10,10
875,1.380132622036722,1.5031887620811315,6,10,10
876,1.380132622036722,1.5031887620811315,6,10,10
877,1.380132622036722,1.5031887620811315,6,10,10
878,1.380132622036722,1.5031887620811315,6,10,10
879,1.380132622036722,1.5031887620811315,6,10,10
880,1.380132622036722,1.5031887620811315,6,10,10
881,1.380132622036722,1.5031887620811315,6,10,10
882,1.380132622036722,1.5031887620811315,6,10,10
883,1.380132622036722,1.5031887620811315,6,10,10
884,1.380132622036722,1.5031887620811315,6,10,10
885,1.380132622036722,1.5031887620811315,6,10,10
886,1.380132622036722,1.5031887620811315,6,10,10
887,1.380132622036722,1.5031887620811315,6,10,10
888,1.380132622036722,1.5031887620811315,6,10,10
889,1.380132622036722,1.5031887620811315,6,10,10
890,1.380132622036722,1.5031887620811315,6,10,10
891,1.380132622036722,1.5031887620811315,6,10,10
892,1.380132622036722,1.5031887620811315,6,10,10
893,1.380132622036722,1.5031887620811315,6,10,10
894,1.380132622036722,1.5031887620811315,6,10,10
895,1.380132622036722,1.5031887620811315,6,10,10
896,1.380132622036722,1.5031887620811315,6,10,10
897,1.380132622036722,1.5031887620811315,6,10,10
898,1.380132622036722,1.5031887620811315,6,10,10
899,1.380132622036722,1.5031887620811315,6,10,10
900,1.380132622036722,1.5031887620811315,6,10,10
901,1.380132622036722,1.5031887620811315,6,10,10
902,1.380132622036722,1.5031887620811315,6,10,10
903,1.380132622036722,1.5031887620811315,6,10,10
904,1.380132622036722,1.5031887620811315,6,10,10
905,1.380132622036722,1.5031887620811315,6,10,10
906,1.380132622036722,1.5031887620811315,6,10,10
907,1.380132622036722,1.5031887620811315,6,10,10
908,1.380132622036722,1.5031887620811315,6,10,10
909,1.380132622036722,1.5031887620811315,6,10,10
910,1.380132622036722,1.5031887620811315,6,10,10
911,1.380132622036722,1.5031887620811315,6,10,10
912,1.380132622036722,1.5031887620811315,6,10,10
913,1.380132622036722,1.5031887620811315,6,10,10
914,1.380132622036722,1.5031887620811315,6,10,10
915,1.380132622036722,1.5031887620811315,6,10,10
916,1.380132622036722,1.5031887620811315,6,10,10
917,1.380132622036722,1.5031887620811315,6,10,10
918,1.380132622036722,1.5031887620811315,6,10,10
919,1.380132622036722,1.5031887620811315,6,10,10
920,1.380132622036722,1.5031887620811315,6,10,10
921,1.380132622036722,1.5031887620811315,6,10,10
922,1.380132622036722,1.5031887620811315,6,10,10
923,1.380132622036722,1.5031887620811315,6,10,10
924,1.380132622036722,1.5031887620811315,6,10,10
925,1.380132622036722,1.5031887620811315,6,10,10
926,1.380132622036722,1.5031887620811315,6,10,10
927,1.380132622036722,1.5031887620811315,6,10,10
928,1.380132622036722,1.5031887620811315,6,10,10
929,1.380132622036722,1.5031887620811315,6,10,10
930,1.380132622036722,1.5031887620811315,6,10,10
931,1.380132622036722,1.5031887620811315,6,10,10
932,1.380132622036722,1.5031887620811315,6,10,10
933,1.380132622036722,1.5031887620811315,6,10,10
934,1.380132622036722,1.5031887620811315,6,10,10
935,1.380132622036722,1.5031887620811315,6,10,10
936,1.380132622036722,1.5031887620811315,6,10,10
937,1.380132622036722,1.5031887620811315,6,10,10
938,1.380132622036722,1.5031887620811315,6,10,10
939,1.380132622036722,1.5031887620811315,6,10,10
940,1.380132622036722,1.5031887620811315,6,10,10
941,1.380132622036722,1.5031887620811315,6,10,10
942,1.380132622036722,1.5031887620811315,6,10,10
943,1.380132622036722,1.5031887620811315,6,10,10
944,1.380132622036722,1.5031887620811315,6,10,10
945,1.380132622036722,1.5031887620811315,6,10,10
946,1.380132622036722,1.5031887620811315,6,10,10
947,1.380132622036722,1.5031887620811315,6,10,10
948,1.380132622036722,1.5031887620811315,6,10,10
949,1.380132622036722,1.5031887620811315,6,10,10
950,1.380132622036722,1.5031887620811315,6,10,10
951,1.380132622036722,1.5031887620811315,6,10,10
952,1.380132622036722,1.5031887620811315,6,10,10
953,1.380132622036722,1.5031887620811315,6,10,10
954,1.380132622036722,1.5031887620811315,6,10,10
955,1.380132622036722,1.5031887620811315,6,10,10
956,1.380132622036722,1.5031887620811315,6,10,10
957,1.380132622036722,1.5031887620811315,6,10,10
958,1.380132622036722,1.5031887620811315,6,10,10
959,1.380132622036722,1.5031887620811315,6,10,10
960,1.380132622036722,1.5031887620811315,6,10,10
961,1.380132622036722,1.5031887620811315,6,10,10
962,1.380132622036722,1.5031887620811315,6,10,10
963,1.380132622036722,1.5031887620811315,6,10,10
964,1.380132622036722,1.5031887620811315,6,10,10
965,1.380132622036722,1.5031887620811315,6,10,10
966,1.380132622036722,1.5031887620811315,6,10,10
967,1.380132622036722,1.5031887620811315,6,10,10
968,1.380132622036722,1.5031887620811315,6,10,10
969,1.380132622036722,1.5031887620811315,6,10,10
970,1.380132622036722,1.5031887620811315,6,10,10
971,1.380132622036722,1.5031887620811315,6,10,10
972,1.380132622036722,1.5031887620811315,6,10,10
973,1.380132622036722,1.5031887620811315,6,10,10
974,1.380132622036722,1.5031887620811315,6,10,10
975,1.380132622036722,1.5031887620811315,6,10,10
976,1.380132622036722,1.5031887620811315,6,10,10
977,1.380132622036722,1.5031887620811315,6,10,10
978,1.380132622036722,1.5031887620811315,6,10,10
979,1.380132622036722,1.5031887620811315,6,10,10
980,1.380132622036722,1.5031887620811315,6,10,10
981,1.380132622036722,1.5031887620811315,6,10,10
982,1.380132622036722,1.5031887620811315,6,10,10
983,1.380132622036722,1.5031887620811315,6,10,10
984,1.380132622036722,1.5031887620811315,6,10,10
985,1.380132622036722,1.5031887620811315,6,10,10
986,1.380132622036722,1.5031887620811315,6,10,10
987,1.380132622036722,1.5031887620811315,6,10,10
988,1.380132622036722,1.5031887620811315,6,10,10
989,1.380132622036722,1.5031887620811315,6,10,10
990,1.380132622036722,1.5031887620811315,6,10,10
991,1.380132622036722,1.5031887620811315,6,10,10
992,1.380132622036722,1.5031887620811315,6,10,10
993,1.380132622036722,1.5031887620811315,6,10,10
994,1.380132622036722,1.5031887620811315,6,10,10
995,1.380132622036722,1.5031887620811315,6,10,10
996,1.380132622036722,1.5031887620811315,6,10,10
997,1.380132622036722,1.5031887620811315,6,10,10
998,1.380132622036722,1.5031887620811315,6,10,10
999,1.380132622036722,1.5031887620811315,6,10,10
1000,1.380132622036722,1.5031887620811315,6,10,10
1001,1.380132622036722,1.5031887620811315,6,10,10
1002,1.380132622036722,1.5031887620811315,6,10,10
1003,1.380132622036722,1.5031887620811315,6,10,10
1004,1.380132622036722,1.5031887620811315,6,10,10
1005,1.380132622036722,1.5031887620811315,6,10,10
1006,1.380132622036722,1.5031887620811315,6,10,10
1007,1.380132622036722,1.5031887620811315,6,10,10
1008,1.380132622036722,1.5031887620811315,6,10,10
1009,1.380132622036722,1.5031887620811315,6,10,10
1010,1.380132622036722,1.5031887620811315,6,10,10
1011,1.380132622036722,1.5031887620811315,6,10,10
1012,1.380132622036722,1.5031887620811315,6,10,10
1013,1.380132622036722,1.5031887620811315,6,10,10
1014,1.380132622036722,1.5031887620811315,6,10,10
1015,1.380132622036722,1.5031887620811315,6,10,10
1016,1.380132622036722,1.5031887620811315,6,10,10
1017,1.380132622036722,1.5031887620811315,6,10,10
1018,1.380132622036722,1.5031887620811315,6,10,10
1019,1.380132622036722,1.5031887620811315,6,10,10
1020,1.380132622036722,1.5031887620811315,6,10,10
1021,1.380132622036722,1.5031887620811315,6,10,10
1022,1.380132622036722,1.5031887620811315,6,10,10
1023,1.380132622036722,1.5031887620811315,6,10,10
1024,1.380132622036722,1.5031887620811315,6,10,10
1025,1.380132622036722,1.5031887620811315,6,10,10
1026,1.380132622036722,1.5031887620811315,6,10,10
1027,1.380132622036722,1.5031887620811315,6,10,10
1028,1.380132622036722,1.5031887620811315,6,10,10
1029,1.380132622036722,1.5031887620811315,6,10,10
1030,1.380132622036722,1.5031887620811315,6,10,10
1031,1.380132622036722,1.5031887620811315,6,10,10
1032,1.380132622036722,1.5031887620811315,6,10,10
1033,1.380132622036722,1.5031887620811315,6,10,10
1034,1.380132622036722,1.5031887620811315,6,10,10
1035,1.380132622036722,1.5031887620811315,6,10,10
1036,1.380132622036722,1.5031887620811315,6,10,10
1037,1.380132622036722,1.5031887620811315,6,10,10
1038,1.380132622036722,1.5031887620811315,6,10,10
1039,1.380132622036722,1.5031887620811315,6,10,10
1040,1.380132622036722,1.5031887620811315,6,10,10
1041,1.380132622036722,1.5031887620811315,6,10,10
1042,1.380132622036722,1.5031887620811315,6,10,10
1043,1.380132622036722,1.5031887620811315,6,10,10
1044,1.380132622036722,1.5031887620811315,6,10,10
1045,1.380132622036722,1.5031887620811315,6,10,10
1046,1.380132622036722,1.5031887620811315,6,10,10
1047,1.380132622036722,1.5031887620811315,6,10,10
1048,1.380132622036722,1.5031887620811315,6,10,10
1049,1.380132622036722,1.5031887620811315,6,10,10
1050,1.380132622036722,1.5031887620811315,6,10,10
1051,1.380132622036722,1.5031887620811315,6,10,10
1052,1.380132622036722,1.5031887620811315,6,10,10
1053,1.380132622036722,1.5031887620811315,6,10,10
1054,1.380132622036722,1.5031887620811315,6,10,10
1055,1.380132622036722,1.5031887620811315,6,10,10
1056,1.380132622036722,1.5031887620811315,6,10,10
1057,1.380132622036722,1.5031887620811315,6,10,10
1058,1.380132622036722,1.5031887620811315,6,10,10
1059,1.380132622036722,1.5031887620811315,6,10,10
1060,1.380132622036722,1.5031887620811315,6,10,10
1061,1.380132622036722,1.5031887620811315,6,10,10
1062,1.380132622036722,1.5031887620811315,6,10,10
1063,1.380132622036722,1.5031887620811315,6,10,10
1064,1.380132622036722,1.5031887620811315,6,10,10
1065,1.380132622036722,1.5031887620811315,6,10,10
1066,1.380132622036722,1.5031887620811315,6,10,10
1067,1.380132622036722,1.5031887620811315,6,10,10
1068,1.380132622036722,1.5031887620811315,6,10,10
1069,1.380132622036722,1.5031887620811315,6,10,10
1070,1.380132622036722,1.5031887620811315,6,10,10
1071,1.380132622036722,1.5031887620811315,6,10,10
1072,1.380132622036722,1.5031887620811315,6,10,10
1073,1.380132622036722,1.5031887620811315,6,10,10
1074,1.380132622036722,1.5031887620811315,6,10,10
1075,1.380132622036722,1.5031887620811315,6,10,10
1076,1.380132622036722,1.5031887620811315,6,10,10
1077,1.380132622036722,1.5031887620811315,6,10,10
1078,1.380132622036722,1.5031887620811315,6,10,10
1079,1.380132622036722,1.5031887620811315,6,10,10
1080,1.380132622036722,1.5031887620811315,6,10,10
1081,1.380132622036722,1.5031887620811315,6,10,10
1082,1.380132622036722,1.5031887620811315,6,10,10
1083,1.380132622036722,1.5031887620811315,6,10,10
1084,1.380132622036722,1.5031887620811315,6,10,10
1085,1.380132622036722,1.5031887620811315,6,10,10
1086,1.380132622036722,1.5031887620811315,6,10,10
1087,1.380132622036722,1.5031887620811315,6,10,10
1088,1.380132622036722,1.5031887620811315,6,10,10
1089,1.380132622036722,1.5031887620811315,6,10,10
1090,1.380132622036722,1.5031887620811315,6,10,10
1091,1.380132622036722,1.5031887620811315,6,10,10
1092,1.380132622036722,1.5031887620811315,6,10,10
1093,1.380132622036722,1.5031887620811315,6,10,10
1094,1.380132622036722,1.5031887620811315,6,10,10
1095,1.380132622036722,1.5031887620811315,6,10,10
1096,1.380132622036722,1.5031887620811315,6,10,10
1097,1.380132622036722,1.5031887620811315,6,10,10
1098,1.380132622036722,1.5031887620811315,6,10,10
1099,1.380132622036722,1.5031887620811315,6,10,10
1100,1.380132622036722,1.5031887620811315,6,10,10
1101,1.380132622036722,1.5031887620811315,6,10,10
1102,1.380132622036722,1.5031887620811315,6,10,10
1103,1.380132622036722,1.5031887620811315,6,10,10
1104,1.380132622036722,1.5031887620811315,6,10,10
1105,1.380132622036722,1.5031887620811315,6,10,10
1106,1.380132622036722,1.5031887620811315,6,10,10
1107,1.380132622036722,1.5031887620811315,6,10,10
1108,1.380132622036722,1.5031887620811315,6,10,10
1109,1.380132622036722,1.5031887620811315,6,10,10
1110,1.380132622036722,1.5031887620811315,6,10,10
1111,1.380132622036722,1.5031887620811315,6,10,10
1112,1.380132622036722,1.5031887620811315,6,10,10
1113,1.380132622036722,1.5031887620811315,6,10,10
1114,1.380132622036722,1.5031887620811315,6,10,10
1115,1.380132622036722,1.5031887620811315,6,10,10
1116,1.380132622036722,1.5031887620811315,6,10,10
1117,1.380132622036722,1.5031887620811315,6,10,10
1118,1.380132622036722,1.5031887620811315,6,10,10
1119,1.380132622036722,1.5031887620811315,6,10,10
1120,1.380132622036722,1.5031887620811315,6,10,10
1121,1.380132622036722,1.5031887620811315,6,10,10
1122,1.380132622036722,1.5031887620811315,6,10,10
1123,1.380132622036722,1.5031887620811315,6,10,10
1124,1.380132622036722,1.5031887620811315,6,10,10
1125,1.380132622036722,1.5031887620811315,6,10,10
1126,1.380132622036722,1.5031887620811315,6,10,10
1127,1.380132622036722,1.5031887620811315,6,10,10
1128,1.380132622036722,1.5031887620811315,6,10,10
1129,1.380132622036722,1.5031887620811315,6,10,10
1130,1.380132622036722,1.5031887620811315,6,10,10
1131,1.380132622036722,1.5031887620811315,6,10,10
1132,1.380132622036722,1.5031887620811315,6,10,10
1133,1.380132622036722,1.5031887620811315,6,10,10
1134,1.380132622036722,1.5031887620811315,6,10,10
1135,1.380132622036722,1.5031887620811315,6,10,10
1136,1.380132622036722,1.5031887620811315,6,10,10
1137,1.380132622036722,1.5031887620811315,6,10,10
1138,1.380132622036722,1.5031887620811315,6,10,10
1139,1.380132622036722,1.5031887620811315,6,10,10
1140,1.380132622036722,1.5031887620811315,6,10,10
1141,1.380132622036722,1.5031887620811315,6,10,10
1142,1.380132622036722,1.5031887620811315,6,10,10
1143,1.380132622036722,1.5031887620811315,6,10,10
1144,1.380132622036722,1.5031887620811315,6,10,10
1145,1.380132622036722,1.5031887620811315,6,10,10
1146,1.380132622036722,1.5031887620811315,6,10,10
1147,1.380132622036722,1.5031887620811315,6,10,10
1148,1.380132622036722,1.5031887620811315,6,10,10
1149,1.380132622036722,1.5031887620811315,6,10,10
1150,1.380132622036722,1.5031887620811315,6,10,10
1151,1.380132622036722,1.5031887620811315,6,10,10
1152,1.380132622036722,1.5031887620811315,6,10,10
1153,1.380132622036722,1.5031887620811315,6,10,10
1154,1.380132622036722,1.5031887620811315,6,10,10
1155,1.380132622036722,1.5031887620811315,6,10,10
1156,1.380132622036722,1.5031887620811315,6,10,10
1157,1.380132622036722,1.5031887620811315,6,10,10
1158,1.380132622036722,1.5031887620811315,6,10,10
1159,1.380132622036722,1.5031887620811315,6,10,10
1160,1.380132622036722,1.5031887620811315,6,10,10
1161,1.380132622036722,1.5031887620811315,6,10,10
1162,1.380132622036722,1.5031887620811315,6,10,10
1163,1.380132622036722,1.5031887620811315,6,10,10
1164,1.380132622036722,1.5031887620811315,6,10,10
1165,1.380132622036722,1.5031887620811315,6,10,10
1166,1.380132622036722,1.5031887620811315,6,10,10
1167,1.380132622036722,1.5031887620811315,6,10,10
1168,1.380132622036722,1.5031887620811315,6,10,10
1169,1.380132622036722,1.5031887620811315,6,10,10
1170,1.380132622036722,1.5031887620811315,6,10,10
1171,1.380132622036722,1.5031887620811315,6,10,10
1172,1.380132622036722,1.5031887620811315,6,10,10
1173,1.380132622036722,1.5031887620811315,6,10,10
1174,1.380132622036722,1.5031887620811315,6,10,10
1175,1.380132622036722,1.5031887620811315,6,10,10
1176,1.380132622036722,1.5031887620811315,6,10,10
1177,1.380132622036722,1.5031887620811315,6,10,10
1178,1.380132622036722,1.5031887620811315,6,10,10
1179,1.380132622036722,1.5031887620811315,6,10,10
1180,1.380132622036722,1.5031887620811315,6,10,10
1181,1.380132622036722,1.5031887620811315,6,10,10
1182,1.380132622036722,1.5031887620811315,6,10,10
1183,1.380132622036722,1.5031887620811315,6,10,10
1184,1.380132622036722,1.5031887620811315,6,10,10
1185,1.380132622036722,1.5031887620811315,6,10,10
1186,1.380132622036722,1.5031887620811315,6,10,10
1187,1.380132622036722,1.5031887620811315,6,10,10
1188,1.380132622036722,1.5031887620811315,6,10,10
1189,1.380132622036722,1.5031887620811315,6,10,10
1190,1.380132622036722,1.5031887620811315,6,10,10
1191,1.380132622036722,1.5031887620811315,6,10,10
1192,1.380132622036722,1.5031887620811315,6,10,10
1193,1.380132622036722,1.5031887620811315,6,10,10
1194,1.380132622036722,1.5031887620811315,6,10,10
1195,1.380132622036722,1.5031887620811315,6,10,10
1196,1.380132622036722,1.5031887620811315,6,10,10
1197,1.380132622036722,1.5031887620811315,6,10,10
1198,1.380132622036722,1.5031887620811315,6,10,10
1199,1.380132622036722,1.5031887620811315,6,10,10
1200,1.380132622036722,1.5031887620811315,6,10,10
1201,1.380132622036722,1.5031887620811315,6,10,10
1202,1.380132622036722,1.5031887620811315,6,10,10
1203,1.380132622036722,1.5031887620811315,6,10,10
1204,1.380132622036722,1.5031887620811315,6,10,10
1205,1.380132622036722,1.5031887620811315,6,10,10
1206,1.380132622036722,1.5031887620811315,6,10,10
1207,1.380132622036722,1.5031887620811315,6,10,10
1208,1.380132622036722,1.5031887620811315,6,10,10
1209,1.380132622036722,1.5031887620811315,6,10,10
1210,1.380132622036722,1.5031887620811315,6,10,10
1211,1.380132622036722,1.5031887620811315,6,10,10
1212,1.380132622036722,1.5031887620811315,6,10,10
1213,1.380132622036722,1.5031887620811315,6,10,10
1214,1.380132622036722,1.5031887620811315,6,10,10
1215,1.380132622036722,1.5031887620811315,6,10,10
1216,1.380132622036722,1.5031887620811315,6,10,10
1217,1.380132622036722,1.5031887620811315,6,10,10
1218,1.380132622036722,1.5031887620811315,6,10,10
1219,1.380132622036722,1.5031887620811315,6,10,10
1220,1.380132622036722,1.5031887620811315,6,10,10
1221,1.380132622036722,1.5031887620811315,6,10,10
1222,1.380132622036722,1.5031887620811315,6,10,10
1223,1.380132622036722,1.5031887620811315,6,10,10
1224,1.380132622036722,1.5031887620811315,6,10,10
1225,1.380132622036722,1.5031887620811315,6,10,10
1226,1.380132622036722,1.5031887620811315,6,10,10
1227,1.380132622036722,1.5031887620811315,6,10,10
1228,1.380132622036722,1.5031887620811315,6,10,10
1229,1.380132622036722,1.5031887620811315,6,10,10
1230,1.380132622036722,1.5031887620811315,6,10,10
1231,1.380132622036722,1.5031887620811315,6,10,10
1232,1.380132622036722,1.5031887620811315,6,10,10
1233,1.380132622036722,1.5031887620811315,6,10,10
1234,1.380132622036722,1.5031887620811315,6,10,10
1235,1.380132622036722,1.5031887620811315,6,10,10
1236,1.380132622036722,1.5031887620811315,6,10,10
1237,1.380132622036722,1.5031887620811315,6,10,10
1238,1.380132622036722,1.5031887620811315,6,10,10
1239,1.380132622036722,1.5031887620811315,6,10,10
1240,1.380132622036722,1.5031887620811315,6,10,10
1241,1.380132622036722,1.5031887620811315,6,10,10
1242,1.380132622036722,1.5031887620811315,6,10,10
1243,1.380132622036722,1.5031887620811315,6,10,10
1244,1.380132622036722,1.5031887620811315,6,10,10
1245,1.380132622036722,1.5031887620811315,6,10,10
1246,1.380132622036722,1.5031887620811315,6,10,10
1247,1.380132622036722,1.5031887620811315,6,10,10
1248,1.380132622036722,1.5031887620811315,6,10,10
1249,1.380132622036722,1.5031887620811315,6,10,10
1250,1.380132622036722,1.5031887620811315,6,10,10
1251,1.380132622036722,1.5031887620811315,6,10,10
1252,1.380132622036722,1.5031887620811315,6,10,10
1253,1.380132622036722,1.5031887620811315,6,10,10
1254,1.380132622036722,1.5031887620811315,6,10,10
1255,1.380132622036722,1.5031887620811315,6,10,10
1256,1.380132622036722,1.5031887620811315,6,10,10
1257,1.380132622036722,1.5031887620811315,6,10,10
1258,1.380132622036722,1.5031887620811315,6,10,10
1259,1.380132622036722,1.5031887620811315,6,10,10
1260,1.380132622036722,1.5031887620811315,6,10,10
1261,1.380132622036722,1.5031887620811315,6,10,10
1262,1.380132622036722,1.5031887620811315,6,10,10
1263,1.380132622036722,1.5031887620811315,6,10,10
1264,1.380132622036722,1.5031887620811315,6,10,10
1265,1.380132622036722,1.5031887620811315,6,10,10
1266,1.380132622036722,1.5031887620811315,6,10,10
1267,1.380132622036722,1.5031887620811315,6,10,10
1268,1.380132622036722,1.5031887620811315,6,10,10
1269,1.380132622036722,1.5031887620811315,6,10,10
1270,1.380132622036722,1.5031887620811315,6,10,10
1271,1.380132622036722,1.5031887620811315,6,10,10
1272,1.380132622036722,1.5031887620811315,6,10,10
1273,1.380132622036722,1.5031887620811315,6,10,10
1274,1.380132622036722,1.5031887620811315,6,10,10
1275,1.380132622036722,1.5031887620811315,6,10,10
1276,1.380132622036722,1.5031887620811315,6,10,10
1277,1.380132622036722,1.5031887620811315,6,10,10
1278,1.380132622036722,1.5031887620811315,6,10,10
1279,1.380132622036722,1.5031887620811315,6,10,10
1280,1.380132622036722,1.5031887620811315,6,10,10
1281,1.380132622036722,1.5031887620811315,6,10,10
1282,1.380132622036722,1.5031887620811315,6,10,10
1283,1.380132622036722,1.5031887620811315,6,10,10
1284,1.380132622036722,1.5031887620811315,6,10,10
1285,1.380132622036722,1.5031887620811315,6,10,10
1286,1.380132622036722,1.5031887620811315,6,10,10
1287,1.380132622036722,1.5031887620811315,6,10,10
1288,1.380132622036722,1.5031887620811315,6,10,10
1289,1.380132622036722,1.5031887620811315,6,10,10
1290,1.380132622036722,1.5031887620811315,6,10,10
1291,1.380132622036722,1.5031887620811315,6,10,10
1292,1.380132622036722,1.5031887620811315,6,10,10
1293,1.380132622036722,1.5031887620811315,6,10,10
1294,1.380132622036722,1.5031887620811315,6,10,10
1295,1.380132622036722,1.5031887620811315,6,10,10
1296,1.380132622036722,1.5031887620811315,6,10,10
1297,1.380132622036722,1.5031887620811315,6,10,10
1298,1.380132622036722,1.5031887620811315,6,10,10
1299,1.380132622036722,1.5031887620811315,6,10,10
1300,1.380132622036722,1.5031887620811315,6,10,10
1301,1.380132622036722,1.5031887620811315,6,10,10
1302,1.380132622036722,1.5031887620811315,6,10,10
1303,1.380132622036722,1.5031887620811315,6,10,10
1304,1.380132622036722,1.5031887620811315,6,10,10
1305,1.380132622036722,1.5031887620811315,6,10,10
1306,1.380132622036722,1.5031887620811315,6,10,10
1307,1.380132622036722,1.5031887620811315,6,10,10
1308,1.380132622036722,1.5031887620811315,6,10,10
1309,1.380132622036722,1.5031887620811315,6,10,10
1310,1.380132622036722,1.5031887620811315,6,10,10
1311,1.380132622036722,1.5031887620811315,6,10,10
1312,1.380132622036722,1.5031887620811315,6,10,10
1313,1.380132622036722,1.5031887620811315,6,10,10
1314,1.380132622036722,1.5031887620811315,6,10,10
1315,1.380132622036722,1.5031887620811315,6,10,10
1316,1.380132622036722,1.5031887620811315,6,10,10
1317,1.380132622036722,1.5031887620811315,6,10,10
1318,1.380132622036722,1.5031887620811315,6,10,10
1319,1.380132622036722,1.5031887620811315,6,10,10
1320,1.380132622036722,1.5031887620811315,6,10,10
1321,1.380132622036722,1.5031887620811315,6,10,10
1322,1.380132622036722,1.5031887620811315,6,10,10
1323,1.380132622036722,1.5031887620811315,6,10,10
1324,1.380132622036722,1.5031887620811315,6,10,10
1325,1.380132622036722,1.5031887620811315,6,10,10
1326,1.380132622036722,1.5031887620811315,6,10,10
1327,1.380132622036722,1.5031887620811315,6,10,10
1328,1.380132622036722,1.5031887620811315,6,10,10
1329,1.380132622036722,1.5031887620811315,6,10,10
1330,1.380132622036722,1.5031887620811315,6,10,10
1331,1.380132622036722,1.5031887620811315,6,10,10
1332,1.380132622036722,1.5031887620811315,6,10,10
1333,1.380132622036722,1.5031887620811315,6,10,10
1334,1.380132622036722,1.5031887620811315,6,10,10
1335,1.380132622036722,1.5031887620811315,6,10,10
1336,1.380132622036722,1.5031887620811315,6,10,10
1337,1.380132622036722,1.5031887620811315,6,10,10
1338,1.380132622036722,1.5031887620811315,6,10,10
1339,1.380132622036722,1.5031887620811315,6,10,10
1340,1.380132622036722,1.5031887620811315,6,10,10
1341,1.380132622036722,1.5031887620811315,6,10,10
1342,1.380132622036722,1.5031887620811315,6,10,10
1343,1.380132622036722,1.5031887620811315,6,10,10
1344,1.380132622036722,1.5031887620811315,6,10,10
1345,1.380132622036722,1.5031887620811315,6,10,10
1346,1.380132622036722,1.5031887620811315,6,10,10
1347,1.380132622036722,1.5031887620811315,6,10,10
1348,1.380132622036722,1.5031887620811315,6,10,10
1349,1.380132622036722,1.5031887620811315,6,10,10
1350,1.380132622036722,1.5031887620811315,6,10,10
1351,1.380132622036722,1.5031887620811315,6,10,10
1352,1.380132622036722,1.5031887620811315,6,10,10
1353,1.380132622036722,1.5031887620811315,6,10,10
1354,1.380132622036722,1.5031887620811315,6,10,10
1355,1.380132622036722,1.5031887620811315,6,10,10
1356,1.380132622036722,1.5031887620811315,6,10,10
1357,1.380132622036722,1.5031887620811315,6,10,10
1358,1.380132622036722,1.5031887620811315,6,10,10
1359,1.380132622036722,1.5031887620811315,6,10,10
1360,1.380132622036722,1.5031887620811315,6,10,10
1361,1.380132622036722,1.5031887620811315,6,10,10
1362,1.380132622036722,1.5031887620811315,6,10,10
1363,1.380132622036722,1.5031887620811315,6,10,10
1364,1.380132622036722,1.5031887620811315,6,10,10
1365,1.380132622036722,1.5031887620811315,6,10,10
1366,1.380132622036722,1.5031887620811315,6,10,10
1367,1.380132622036722,1.5031887620811315,6,10,10
1368,1.380132622036722,1.5031887620811315,6,10,10
1369,1.380132622036722,1.5031887620811315,6,10,10
1370,1.380132622036722,1.5031887620811315,6,10,10
1371,1.380132622036722,1.5031887620811315,6,10,10
1372,1.380132622036722,1.5031887620811315,6,10,10
1373,1.380132622036722,1.5031887620811315,6,10,10
1374,1.380132622036722,1.5031887620811315,6,10,10
1375,1.380132622036722,1.5031887620811315,6,10,10
1376,1.380132622036722,1.5031887620811315,6,10,10
1377,1.380132622036722,1.5031887620811315,6,10,10
1378,1.380132622036722,1.5031887620811315,6,10,10
1379,1.380132622036722,1.5031887620811315,6,10,10
1380,1.380132622036722,1.5031887620811315,6,10,10
1381,1.380132622036722,1.5031887620811315,6,10,10
1382,1.380132622036722,1.5031887620811315,6,10,10
1383,1.380132622036722,1.5031887620811315,6,10,10
1384,1.380132622036722,1.5031887620811315,6,10,10
1385,1.380132622036722,1.5031887620811315,6,10,10
1386,1.380132622036722,1.5031887620811315,6,10,10
1387,1.380132622036722,1.5031887620811315,6,10,10
1388,1.380132622036722,1.5031887620811315,6,10,10
1389,1.380132622036722,1.5031887620811315,6,10,10
1390,1.380132622036722,1.5031887620811315,6,10,10
1391,1.380132622036722,1.5031887620811315,6,10,10
1392,1.380132622036722,1.5031887620811315,6,10,10
1393,1.380132622036722,1.5031887620811315,6,10,10
1394,1.380132622036722,1.5031887620811315,6,10,10
1395,1.380132622036722,1.5031887620811315,6,10,10
1396,1.380132622036722,1.5031887620811315,6,10,10
1397,1.380132622036722,1.5031887620811315,6,10,10
1398,1.380132622036722,1.5031887620811315,6,10,10
1399,1.380132622036722,1.5031887620811315,6,10,10
1400,1.380132622036722,1.5031887620811315,6,10,10
1401,1.380132622036722,1.5031887620811315,6,10,10
1402,1.380132622036722,1.5031887620811315,6,10,10
1403,1.380132622036722,1.5031887620811315,6,10,10
1404,1.380132622036722,1.5031887620811315,6,10,10
1405,1.380132622036722,1.5031887620811315,6,10,10
1406,1.380132622036722,1.5031887620811315,6,10,10
1407,1.380132622036722,1.5031887620811315,6,10,10
1408,1.380132622036722,1.5031887620811315,6,10,10
1409,1.380132622036722,1.5031887620811315,6,10,10
1410,1.380132622036722,1.5031887620811315,6,10,10
1411,1.380132622036722,1.5031887620811315,6,10,10
1412,1.380132622036722,1.5031887620811315,6,10,10
1413,1.380132622036722,1.5031887620811315,6,10,10
1414,1.380132622036722,1.5031887620811315,6,10,10
1415,1.380132622036722,1.5031887620811315,6,10,10
1416,1.380132622036722,1.5031887620811315,6,10,10
1417,1.380132622036722,1.5031887620811315,6,10,10
1418,1.380132622036722,1.5031887620811315,6,10,10
1419,1.380132622036722,1.5031887620811315,6,10,10
1420,1.380132622036722,1.5031887620811315,6,10,10
1421,1.380132622036722,1.5031887620811315,6,10,10
1422,1.380132622036722,1.5031887620811315,6,10,10
1423,1.380132622036722,1.5031887620811315,6,10,10
1424,1.380132622036722,1.5031887620811315,6,10,10
1425,1.380132622036722,1.5031887620811315,6,10,10
1426,1.380132622036722,1.5031887620811315,6,10,10
1427,1.380132622036722,1.5031887620811315,6,10,10
1428,1.380132622036722,1.5031887620811315,6,10,10
1429,1.380132622036722,1.5031887620811315,6,10,10
1430,1.380132622036722,1.5031887620811315,6,10,10
1431,1.380132622036722,1.5031887620811315,6,10,10
1432,1.380132622036722,1.5031887620811315,6,10,10
1433,1.380132622036722,1.5031887620811315,6,10,10
1434,1.380132622036722,1.5031887620811315,6,10,10
1435,1.380132622036722,1.5031887620811315,6,10,10
1436,1.380132622036722,1.5031887620811315,6,10,10
1437,1.380132622036722,1.5031887620811315,6,10,10
1438,1.380132622036722,1.5031887620811315,6,10,10
1439,1.380132622036722,1.5031887620811315,6,10,10
1440,1.380132622036722,1.5031887620811315,6,10,10
1441,1.380132622036722,1.5031887620811315,6,10,10
1442,1.380132622036722,1.5031887620811315,6,10,10
1443,1.380132622036722,1.5031887620811315,6,10,10
1444,1.380132622036722,1.5031887620811315,6,10,10
1445,1.380132622036722,1.5031887620811315,6,10,10
1446,1.380132622036722,1.5031887620811315,6,10,10
1447,1.380132622036722,1.5031887620811315,6,10,10
1448,1.380132622036722,1.5031887620811315,6,10,10
1449,1.380132622036722,1.5031887620811315,6,10,10
1450,1.380132622036722,1.5031887620811315,6,10,10
1451,1.380132622036722,1.5031887620811315,6,10,10
1452,1.380132622036722,1.5031887620811315,6,10,10
1453,1.380132622036722,1.5031887620811315,6,10,10
1454,1.380132622036722,1.5031887620811315,6,10,10
1455,1.380132622036722,1.5031887620811315,6,10,10
1456,1.380132622036722,1.5031887620811315,6,10,10
1457,1.380132622036722,1.5031887620811315,6,10,10
1458,1.380132622036722,1.5031887620811315,6,10,10
1459,1.380132622036722,1.5031887620811315,6,10,10
1460,1.380132622036722,1.5031887620811315,6,10,10
1461,1.380132622036722,1.5031887620811315,6,10,10
1462,1.380132622036722,1.5031887620811315,6,10,10
1463,1.380132622036722,1.5031887620811315,6,10,10
1464,1.380132622036722,1.5031887620811315,6,10,10
1465,1.380132622036722,1.5031887620811315,6,10,10
1466,1.380132622036722,1.5031887620811315,6,10,10
1467,1.380132622036722,1.5031887620811315,6,10,10
1468,1.380132622036722,1.5031887620811315,6,10,10
1469,1.380132622036722,1.5031887620811315,6,10,10
1470,1.380132622036722,1.5031887620811315,6,10,10
1471,1.380132622036722,1.5031887620811315,6,10,10
1472,1.380132622036722,1.5031887620811315,6,10,10
1473,1.380132622036722,1.5031887620811315,6,10,10
1474,1.380132622036722,1.5031887620811315,6,10,10
1475,1.380132622036722,1.5031887620811315,6,10,10
1476,1.380132622036722,1.5031887620811315,6,10,10
1477,1.380132622036722,1.5031887620811315,6,10,10
1478,1.380132622036722,1.5031887620811315,6,10,10
1479,1.380132622036722,1.5031887620811315,6,10,10
1480,1.380132622036722,1.5031887620811315,6,10,10
1481,1.380132622036722,1.5031887620811315,6,10,10
1482,1.380132622036722,1.5031887620811315,6,10,10
1483,1.380132622036722,1.5031887620811315,6,10,10
1484,1.380132622036722,1.5031887620811315,6,10,10
1485,1.380132622036722,1.5031887620811315,6,10,10
1486,1.380132622036722,1.5031887620811315,6,10,10
1487,1.380132622036722,1.5031887620811315,6,10,10
1488,1.380132622036722,1.5031887620811315,6,10,10
1489,1.380132622036722,1.5031887620811315,6,10,10
1490,1.380132622036722,1.5031887620811315,6,10,10
1491,1.380132622036722,1.5031887620811315,6,10,10
1492,1.380132622036722,1.5031887620811315,6,10,10
1493,1.380132622036722,1.5031887620811315,6,10,10
1494,1.380132622036722,1.5031887620811315,6,10,10
1495,1.380132622036722,1.5031887620811315,6,10,10
1496,1.380132622036722,1.5031887620811315,6,10,10
1497,1.380132622036722,1.5031887620811315,6,10,10
1498,1.380132622036722,1.5031887620811315,6,10,10
1499,1.380132622036722,1.5031887620811315,6,10,10
1500,1.380132622036722,1.5031887620811315,6,10,10
1501,1.380132622036722,1.5031887620811315,6,10,10
1502,1.380132622036722,1.5031887620811315,6,10,10
1503,1.380132622036722,1.5031887620811315,6,10,10
1504,1.380132622036722,1.5031887620811315,6,10,10
1505,1.380132622036722,1.5031887620811315,6,10,10
1506,1.380132622036722,1.5031887620811315,6,10,10
1507,1.380132622036722,1.5031887620811315,6,10,10
1508,1.380132622036722,1.5031887620811315,6,10,10
1509,1.380132622036722,1.5031887620811315,6,10,10
1510,1.380132622036722,1.5031887620811315,6,10,10
1511,1.380132622036722,1.5031887620811315,6,10,10
1512,1.380132622036722,1.5031887620811315,6,10,10
1513,1.380132622036722,1.5031887620811315,6,10,10
1514,1.380132622036722,1.5031887620811315,6,10,10
1515,1.380132622036722,1.5031887620811315,6,10,10
1516,1.380132622036722,1.5031887620811315,6,10,10
1517,1.380132622036722,1.5031887620811315,6,10,10
1518,1.380132622036722,1.5031887620811315,6,10,10
1519,1.380132622036722,1.5031887620811315,6,10,10
1520,1.380132622036722,1.5031887620811315,6,10,10
1521,1.380132622036722,1.5031887620811315,6,10,10
1522,1.380132622036722,1.5031887620811315,6,10,10
1523,1.380132622036722,1.5031887620811315,6,10,10
1524,1.380132622036722,1.5031887620811315,6,10,10
1525,1.380132622036722,1.5031887620811315,6,10,10
1526,1.380132622036722,1.5031887620811315,6,10,10
1527,1.380132622036722,1.5031887620811315,6,10,10
1528,1.380132622036722,1.5031887620811315,6,10,10
1529,1.380132622036722,1.5031887620811315,6,10,10
1530,1.380132622036722,1.5031887620811315,6,10,10
1531,1.380132622036722,1.5031887620811315,6,10,10
1532,1.380132622036722,1.5031887620811315,6,10,10
1533,1.380132622036722,1.5031887620811315,6,10,10
1534,1.380132622036722,1.5031887620811315,6,10,10
1535,1.380132622036722,1.5031887620811315,6,10,10
1536,1.380132622036722,1.5031887620811315,6,10,10
1537,1.380132622036722,1.5031887620811315,6,10,10
1538,1.380132622036722,1.5031887620811315,6,10,10
1539,1.380132622036722,1.5031887620811315,6,10,10
1540,1.380132622036722,1.5031887620811315,6,10,10
1541,1.380132622036722,1.5031887620811315,6,10,10
1542,1.380132622036722,1.5031887620811315,6,10,10
1543,1.380132622036722,1.5031887620811315,6,10,10
1544,1.380132622036722,1.5031887620811315,6,10,10
1545,1.380132622036722,1.5031887620811315,6,10,10
1546,1.380132622036722,1.5031887620811315,6,10,10
1547,1.380132622036722,1.5031887620811315,6,10,10
1548,1.380132622036722,1.5031887620811315,6,10,10
1549,1.380132622036722,1.5031887620811315,6,10,10
1550,1.380132622036722,1.5031887620811315,6,10,10
1551,1.380132622036722,1.5031887620811315,6,10,10
1552,1.380132622036722,1.5031887620811315,6,10,10
1553,1.380132622036722,1.5031887620811315,6,10,10
1554,1.380132622036722,1.5031887620811315,6,10,10
1555,1.380132622036722,1.5031887620811315,6,10,10
1556,1.380132622036722,1.5031887620811315,6,10,10
1557,1.380132622036722,1.5031887620811315,6,10,10
1558,1.380132622036722,1.5031887620811315,6,10,10
1559,1.380132622036722,1.5031887620811315,6,10,10
1560,1.380132622036722,1.5031887620811315,6,10,10
1561,1.380132622036722,1.5031887620811315,6,10,10
1562,1.380132622036722,1.5031887620811315,6,10,10
1563,1.380132622036722,1.5031887620811315,6,10,10
1564,1.380132622036722,1.5031887620811315,6,10,10
1565,1.380132622036722,1.5031887620811315,6,10,10
1566,1.380132622036722,1.5031887620811315,6,10,10
1567,1.380132622036722,1.5031887620811315,6,10,10
1568,1.380132622036722,1.5031887620811315,6,10,10
1569,1.380132622036722,1.5031887620811315,6,10,10
1570,1.380132622036722,1.5031887620811315,6,10,10
1571,1.380132622036722,1.5031887620811315,6,10,10
1572,1.380132622036722,1.5031887620811315,6,10,10
1573,1.380132622036722,1.5031887620811315,6,10,10
1574,1.380132622036722,1.5031887620811315,6,10,10
1575,1.380132622036722,1.5031887620811315,6,10,10
1576,1.380132622036722,1.5031887620811315,6,10,10
1577,1.380132622036722,1.5031887620811315,6,10,10
1578,1.380132622036722,1.5031887620811315,6,10,10
1579,1.380132622036722,1.5031887620811315,6,10,10
1580,1.380132622036722,1.5031887620811315,6,10,10
1581,1.380132622036722,1.5031887620811315,6,10,10
1582,1.380132622036722,1.5031887620811315,6,10,10
1583,1.380132622036722,1.5031887620811315,6,10,10
1584,1.380132622036722,1.5031887620811315,6,10,10
1585,1.380132622036722,1.5031887620811315,6,10,10
1586,1.380132622036722,1.5031887620811315,6,10,10
1587,1.380132622036722,1.5031887620811315,6,10,10
1588,1.380132622036722,1.5031887620811315,6,10,10
1589,1.380132622036722,1.5031887620811315,6,10,10
1590,1.380132622036722,1.5031887620811315,6,10,10
1591,1.380132622036722,1.5031887620811315,6,10,10
1592,1.380132622036722,1.5031887620811315,6,10,10
1593,1.380132622036722,1.5031887620811315,6,10,10
1594,1.380132622036722,1.5031887620811315,6,10,10
1595,1.380132622036722,1.5031887620811315,6,10,10
1596,1.380132622036722,1.5031887620811315,6,10,10
1597,1.380132622036722,1.5031887620811315,6,10,10
1598,1.380132622036722,1.5031887620811315,6,10,10
1599,1.380132622036722,1.5031887620811315,6,10,10
1600,1.380132622036722,1.5031887620811315,6,10,10
1601,1.380132622036722,1.5031887620811315,6,10,10
1602,1.380132622036722,1.5031887620811315,6,10,10
1603,1.380132622036722,1.5031887620811315,6,10,10
1604,1.380132622036722,1.5031887620811315,6,10,10
1605,1.380132622036722,1.5031887620811315,6,10,10
1606,1.380132622036722,1.5031887620811315,6,10,10
1607,1.380132622036722,1.5031887620811315,6,10,10
1608,1.380132622036722,1.5031887620811315,6,10,10
1609,1.380132622036722,1.5031887620811315,6,10,10
1610,1.380132622036722,1.5031887620811315,6,10,10
1611,1.380132622036722,1.5031887620811315,6,10,10
1612,1.380132622036722,1.5031887620811315,6,10,10
1613,1.380132622036722,1.5031887620811315,6,10,10
1614,1.380132622036722,1.5031887620811315,6,10,10
1615,1.380132622036722,1.5031887620811315,6,10,10
1616,1.380132622036722,1.5031887620811315,6,10,10
1617,1.380132622036722,1.5031887620811315,6,10,10
1618,1.380132622036722,1.5031887620811315,6,10,10
1619,1.380132622036722,1.5031887620811315,6,10,10
1620,1.380132622036722,1.5031887620811315,6,10,10
1621,1.380132622036722,1.5031887620811315,6,10,10
1622,1.380132622036722,1.5031887620811315,6,10,10
1623,1.380132622036722,1.5031887620811315,6,10,10
1624,1.380132622036722,1.5031887620811315,6,10,10
1625,1.380132622036722,1.5031887620811315,6,10,10
1626,1.380132622036722,1.5031887620811315,6,10,10
1627,1.380132622036722,1.5031887620811315,6,10,10
1628,1.380132622036722,1.5031887620811315,6,10,10
1629,1.380132622036722,1.5031887620811315,6,10,10
1630,1.380132622036722,1.5031887620811315,6,10,10
1631,1.380132622036722,1.5031887620811315,6,10,10
1632,1.380132622036722,1.5031887620811315,6,10,10
1633,1.380132622036722,1.5031887620811315,6,10,10
1634,1.380132622036722,1.5031887620811315,6,10,10
1635,1.380132622036722,1.5031887620811315,6,10,10
1636,1.380132622036722,1.5031887620811315,6,10,10
1637,1.380132622036722,1.5031887620811315,6,10,10
1638,1.380132622036722,1.5031887620811315,6,10,10
1639,1.380132622036722,1.5031887620811315,6,10,10
1640,1.380132622036722,1.5031887620811315,6,10,10
1641,1.380132622036722,1.5031887620811315,6,10,10
1642,1.380132622036722,1.5031887620811315,6,10,10
1643,1.380132622036722,1.5031887620811315,6,10,10
1644,1.380132622036722,1.5031887620811315,6,10,10
1645,1.380132622036722,1.5031887620811315,6,10,10
1646,1.380132622036722,1.5031887620811315,6,10,10
1647,1.380132622036722,1.5031887620811315,6,10,10
1648,1.380132622036722,1.5031887620811315,6,10,10
1649,1.380132622036722,1.5031887620811315,6,10,10
1650,1.380132622036722,1.5031887620811315,6,10,10
1651,1.380132622036722,1.5031887620811315,6,10,10
1652,1.380132622036722,1.5031887620811315,6,10,10
1653,1.380132622036722,1.5031887620811315,6,10,10
1654,1.380132622036722,1.5031887620811315,6,10,10
1655,1.380132622036722,1.5031887620811315,6,10,10
1656,1.380132622036722,1.5031887620811315,6,10,10
1657,1.380132622036722,1.5031887620811315,6,10,10
1658,1.380132622036722,1.5031887620811315,6,10,10
1659,1.380132622036722,1.5031887620811315,6,10,10
1660,1.380132622036722,1.5031887620811315,6,10,10
1661,1.380132622036722,1.5031887620811315,6,10,10
1662,1.380132622036722,1.5031887620811315,6,10,10
1663,1.380132622036722,1.5031887620811315,6,10,10
1664,1.380132622036722,1.5031887620811315,6,10,10
1665,1.380132622036722,1.5031887620811315,6,10,10
1666,1.380132622036722,1.5031887620811315,6,10,10
1667,1.380132622036722,1.5031887620811315,6,10,10
1668,1.380132622036722,1.5031887620811315,6,10,10
1669,1.380132622036722,1.5031887620811315,6,10,10
1670,1.380132622036722,1.5031887620811315,6,10,10
1671,1.380132622036722,1.5031887620811315,6,10,10
1672,1.380132622036722,1.5031887620811315,6,10,10
1673,1.380132622036722,1.5031887620811315,6,10,10
1674,1.380132622036722,1.5031887620811315,6,10,10
1675,1.380132622036722,1.5031887620811315,6,10,10
1676,1.380132622036722,1.5031887620811315,6,10,10
1677,1.380132622036722,1.5031887620811315,6,10,10
1678,1.380132622036722,1.5031887620811315,6,10,10
1679,1.380132622036722,1.5031887620811315,6,10,10
1680,1.380132622036722,1.5031887620811315,6,10,10
1681,1.380132622036722,1.5031887620811315,6,10,10
1682,1.380132622036722,1.5031887620811315,6,10,10
1683,1.380132622036722,1.5031887620811315,6,10,10
1684,1.380132622036722,1.5031887620811315,6,10,10
1685,1.380132622036722,1.5031887620811315,6,10,10
1686,1.380132622036722,1.5031887620811315,6,10,10
1687,1.380132622036722,1.5031887620811315,6,10,10
1688,1.380132622036722,1.5031887620811315,6,10,10
1689,1.380132622036722,1.5031887620811315,6,10,10
1690,1.380132622036722,1.5031887620811315,6,10,10
1691,1.380132622036722,1.5031887620811315,6,10,10
1692,1.380132622036722,1.5031887620811315,6,10,10
1693,1.380132622036722,1.5031887620811315,6,10,10
1694,1.380132622036722,1.5031887620811315,6,10,10
1695,1.380132622036722,1.5031887620811315,6,10,10
1696,1.380132622036722,1.5031887620811315,6,10,10
1697,1.380132622036722,1.5031887620811315,6,10,10
1698,1.380132622036722,1.5031887620811315,6,10,10
1699,1.380132622036722,1.5031887620811315,6,10,10
1700,1.380132622036722,1.5031887620811315,6,10,10
1701,1.380132622036722,1.5031887620811315,6,10,10
1702,1.380132622036722,1.5031887620811315,6,10,10
1703,1.380132622036722,1.5031887620811315,6,10,10
1704,1.380132622036722,1.5031887620811315,6,10,10
1705,1.380132622036722,1.5031887620811315,6,10,10
1706,1.380132622036722,1.5031887620811315,6,10,10
1707,1.380132622036722,1.5031887620811315,6,10,10
1708,1.380132622036722,1.5031887620811315,6,10,10
1709,1.380132622036722,1.5031887620811315,6,10,10
1710,1.380132622036722,1.5031887620811315,6,10,10
1711,1.380132622036722,1.5031887620811315,6,10,10
1712,1.380132622036722,1.5031887620811315,6,10,10
1713,1.380132622036722,1.5031887620811315,6,10,10
1714,1.380132622036722,1.5031887620811315,6,10,10
1715,1.380132622036722,1.5031887620811315,6,10,10
1716,1.380132622036722,1.5031887620811315,6,10,10
1717,1.380132622036722,1.5031887620811315,6,10,10
1718,1.380132622036722,1.5031887620811315,6,10,10
1719,1.380132622036722,1.5031887620811315,6,10,10
1720,1.380132622036722,1.5031887620811315,6,10,10
1721,1.380132622036722,1.5031887620811315,6,10,10
1722,1.380132622036722,1.5031887620811315,6,10,10
1723,1.380132622036722,1.5031887620811315,6,10,10
1724,1.380132622036722,1.5031887620811315,6,10,10
1725,1.380132622036722,1.5031887620811315,6,10,10
1726,1.380132622036722,1.5031887620811315,6,10,10
1727,1.380132622036722,1.5031887620811315,6,10,10
1728,1.380132622036722,1.5031887620811315,6,10,10
1729,1.380132622036722,1.5031887620811315,6,10,10
1730,1.380132622036722,1.5031887620811315,6,10,10
1731,1.380132622036722,1.5031887620811315,6,10,10
1732,1.380132622036722,1.5031887620811315,6,10,10
1733,1.380132622036722,1.5031887620811315,6,10,10
1734,1.380132622036722,1.5031887620811315,6,10,10
1735,1.380132622036722,1.5031887620811315,6,10,10
1736,1.380132622036722,1.5031887620811315,6,10,10
1737,1.380132622036722,1.5031887620811315,6,10,10
1738,1.380132622036722,1.5031887620811315,6,10,10
1739,1.380132622036722,1.5031887620811315,6,10,10
1740,1.380132622036722,1.5031887620811315,6,10,10
1741,1.380132622036722,1.5031887620811315,6,10,10
1742,1.380132622036722,1.5031887620811315,6,10,10
1743,1.380132622036722,1.5031887620811315,6,10,10
1744,1.380132622036722,1.5031887620811315,6,10,10
1745,1.380132622036722,1.5031887620811315,6,10,10
1746,1.380132622036722,1.5031887620811315,6,10,10
1747,1.380132622036722,1.5031887620811315,6,10,10
1748,1.380132622036722,1.5031887620811315,6,10,10
1749,1.380132622036722,1.5031887620811315,6,10,10
1750,1.380132622036722,1.5031887620811315,6,10,10
1751,1.380132622036722,1.5031887620811315,6,10,10
1752,1.380132622036722,1.5031887620811315,6,10,10
1753,1.380132622036722,1.5031887620811315,6,10,10
1754,1.380132622036722,1.5031887620811315,6,10,10
1755,1.380132622036722,1.5031887620811315,6,10,10
1756,1.380132622036722,1.5031887620811315,6,10,10
1757,1.380132622036722,1.5031887620811315,6,10,10
1758,1.380132622036722,1.5031887620811315,6,10,10
1759,1.380132622036722,1.5031887620811315,6,10,10
1760,1.380132622036722,1.5031887620811315,6,10,10
1761,1.380132622036722,1.5031887620811315,6,10,10
1762,1.380132622036722,1.5031887620811315,6,10,10
1763,1.380132622036722,1.5031887620811315,6,10,10
1764,1.380132622036722,1.5031887620811315,6,10,10
1765,1.380132622036722,1.5031887620811315,6,10,10
1766,1.380132622036722,1.5031887620811315,6,10,10
1767,1.380132622036722,1.5031887620811315,6,10,10
1768,1.380132622036722,1.5031887620811315,6,10,10
1769,1.380132622036722,1.5031887620811315,6,10,10
1770,1.380132622036722,1.5031887620811315,6,10,10
1771,1.380132622036722,1.5031887620811315,6,10,10
1772,1.380132622036722,1.5031887620811315,6,10,10
1773,1.380132622036722,1.5031887620811315,6,10,10
1774,1.380132622036722,1.5031887620811315,6,10,10
1775,1.380132622036722,1.5031887620811315,6,10,10
1776,1.380132622036722,1.5031887620811315,6,10,10
1777,1.380132622036722,1.5031887620811315,6,10,10
1778,1.380132622036722,1.5031887620811315,6,10,10
1779,1.380132622036722,1.5031887620811315,6,10,10
1780,1.380132622036722,1.5031887620811315,6,10,10
1781,1.380132622036722,1.5031887620811315,6,10,10
1782,1.380132622036722,1.5031887620811315,6,10,10
1783,1.380132622036722,1.5031887620811315,6,10,10
1784,1.380132622036722,1.5031887620811315,6,10,10
1785,1.380132622036722,1.5031887620811315,6,10,10
1786,1.380132622036722,1.5031887620811315,6,10,10
1787,1.380132622036722,1.5031887620811315,6,10,10
1788,1.380132622036722,1.5031887620811315,6,10,10
1789,1.380132622036722,1.5031887620811315,6,10,10
1790,1.380132622036722,1.5031887620811315,6,10,10
1791,1.380132622036722,1.5031887620811315,6,10,10
1792,1.380132622036722,1.5031887620811315,6,10,10
1793,1.380132622036722,1.5031887620811315,6,10,10
1794,1.380132622036722,1.5031887620811315,6,10,10
1795,1.380132622036722,1.5031887620811315,6,10,10
1796,1.380132622036722,1.5031887620811315,6,10,10
1797,1.380132622036722,1.5031887620811315,6,10,10
1798,1.380132622036722,1.5031887620811315,6,10,10
1799,1.380132622036722,1.5031887620811315,6,10,10
1800,1.380132622036722,1.5031887620811315,6,10,10
1801,1.380132622036722,1.5031887620811315,6,10,10
1802,1.380132622036722,1.5031887620811315,6,10,10
1803,1.380132622036722,1.5031887620811315,6,10,10
1804,1.380132622036722,1.5031887620811315,6,10,10
1805,1.380132622036722,1.5031887620811315,6,10,10
1806,1.380132622036722,1.5031887620811315,6,10,10
1807,1.380132622036722,1.5031887620811315,6,10,10
1808,1.380132622036722,1.5031887620811315,6,10,10
1809,1.380132622036722,1.5031887620811315,6,10,10
1810,1.380132622036722,1.5031887620811315,6,10,10
1811,1.380132622036722,1.5031887620811315,6,10,10
1812,1.380132622036722,1.5031887620811315,6,10,10
1813,1.380132622036722,1.5031887620811315,6,10,10
1814,1.380132622036722,1.5031887620811315,6,10,10
1815,1.380132622036722,1.5031887620811315,6,10,10
1816,1.380132622036722,1.5031887620811315,6,10,10
1817,1.380132622036722,1.5031887620811315,6,10,10
1818,1.380132622036722,1.5031887620811315,6,10,10
1819,1.380132622036722,1.5031887620811315,6,10,10
1820,1.380132622036722,1.5031887620811315,6,10,10
1821,1.380132622036722,1.5031887620811315,6,10,10
1822,1.380132622036722,1.5031887620811315,6,10,10
1823,1.380132622036722,1.5031887620811315,6,10,10
1824,1.380132622036722,1.5031887620811315,6,10,10
1825,1.380132622036722,1.5031887620811315,6,10,10
1826,1.380132622036722,1.5031887620811315,6,10,10
1827,1.380132622036722,1.5031887620811315,6,10,10
1828,1.380132622036722,1.5031887620811315,6,10,10
1829,1.380132622036722,1.5031887620811315,6,10,10
1830,1.380132622036722,1.5031887620811315,6,10,10
1831,1.380132622036722,1.5031887620811315,6,10,10
1832,1.380132622036722,1.5031887620811315,6,10,10
1833,1.380132622036722,1.5031887620811315,6,10,10
1834,1.380132622036722,1.5031887620811315,6,10,10
1835,1.380132622036722,1.5031887620811315,6,10,10
1836,1.380132622036722,1.5031887620811315,6,10,10
1837,1.380132622036722,1.5031887620811315,6,10,10
1838,1.380132622036722,1.5031887620811315,6,10,10
1839,1.380132622036722,1.5031887620811315,6,10,10
1840,1.380132622036722,1.5031887620811315,6,10,10
1841,1.380132622036722,1.5031887620811315,6,10,10
1842,1.380132622036722,1.5031887620811315,6,10,10
1843,1.380132622036722,1.5031887620811315,6,10,10
1844,1.380132622036722,1.5031887620811315,6,10,10
1845,1.380132622036722,1.5031887620811315,6,10,10
1846,1.380132622036722,1.5031887620811315,6,10,10
1847,1.380132622036722,1.5031887620811315,6,10,10
1848,1.380132622036722,1.5031887620811315,6,10,10
1849,1.380132622036722,1.5031887620811315,6,10,10
1850,1.380132622036722,1.5031887620811315,6,10,10
1851,1.380132622036722,1.5031887620811315,6,10,10
1852,1.380132622036722,1.5031887620811315,6,10,10
1853,1.380132622036722,1.5031887620811315,6,10,10
1854,1.380132622036722,1.5031887620811315,6,10,10
1855,1.380132622036722,1.5031887620811315,6,10,10
1856,1.380132622036722,1.5031887620811315,6,10,10
1857,1.380132622036722,1.5031887620811315,6,10,10
1858,1.380132622036722,1.5031887620811315,6,10,10
1859,1.380132622036722,1.5031887620811315,6,10,10
1860,1.380132622036722,1.5031887620811315,6,10,10
1861,1.380132622036722,1.5031887620811315,6,10,10
1862,1.380132622036722,1.5031887620811315,6,10,10
1863,1.380132622036722,1.5031887620811315,6,10,10
1864,1.380132622036722,1.5031887620811315,6,10,10
1865,1.380132622036722,1.5031887620811315,6,10,10
1866,1.380132622036722,1.5031887620811315,6,10,10
1867,1.380132622036722,1.5031887620811315,6,10,10
1868,1.380132622036722,1.5031887620811315,6,10,10
1869,1.380132622036722,1.5031887620811315,6,10,10
1870,1.380132622036722,1.5031887620811315,6,10,10
1871,1.380132622036722,1.5031887620811315,6,10,10
1872,1.380132622036722,1.5031887620811315,6,10,10
1873,1.380132622036722,1.5031887620811315,6,10,10
1874,1.380132622036722,1.5031887620811315,6,10,10
1875,1.380132622036722,1.5031887620811315,6,10,10
1876,1.380132622036722,1.5031887620811315,6,10,10
1877,1.380132622036722,1.5031887620811315,6,10,10
1878,1.380132622036722,1.5031887620811315,6,10,10
1879,1.380132622036722,1.5031887620811315,6,10,10
1880,1.380132622036722,1.5031887620811315,6,10,10
1881,1.380132622036722,1.5031887620811315,6,10,10
1882,1.380132622036722,1.5031887620811315,6,10,10
1883,1.380132622036722,1.5031887620811315,6,10,10
1884,1.380132622036722,1.5031887620811315,6,10,10
1885,1.380132622036722,1.5031887620811315,6,10,10
1886,1.380132622036722,1.5031887620811315,6,10,10
1887,1.380132622036722,1.5031887620811315,6,10,10
1888,1.380132622036722,1.5031887620811315,6,10,10
1889,1.380132622036722,1.5031887620811315,6,10,10
1890,1.380132622036722,1.5031887620811315,6,10,10
1891,1.380132622036722,1.5031887620811315,6,10,10
1892,1.380132622036722,1.5031887620811315,6,10,10
1893,1.380132622036722,1.5031887620811315,6,10,10
1894,1.380132622036722,1.5031887620811315,6,10,10
1895,1.380132622036722,1.5031887620811315,6,10,10
1896,1.380132622036722,1.5031887620811315,6,10,10
1897,1.380132622036722,1.5031887620811315,6,10,10
1898,1.380132622036722,1.5031887620811315,6,10,10
1899,1.380132622036722,1.5031887620811315,6,10,10
1900,1.380132622036722,1.5031887620811315,6,10,10
1901,1.380132622036722,1.5031887620811315,6,10,10
1902,1.380132622036722,1.5031887620811315,6,10,10
1903,1.380132622036722,1.5031887620811315,6,10,10
1904,1.380132622036722,1.5031887620811315,6,10,10
1905,1.380132622036722,1.5031887620811315,6,10,10
1906,1.380132622036722,1.5031887620811315,6,10,10
1907,1.380132622036722,1.5031887620811315,6,10,10
1908,1.380132622036722,1.5031887620811315,6,10,10
1909,1.380132622036722,1.5031887620811315,6,10,10
1910,1.380132622036722,1.5031887620811315,6,10,10
1911,1.380132622036722,1.5031887620811315,6,10,10
1912,1.380132622036722,1.5031887620811315,6,10,10
1913,1.380132622036722,1.5031887620811315,6,10,10
1914,1.380132622036722,1.5031887620811315,6,10,10
1915,1.380132622036722,1.5031887620811315,6,10,10
1916,1.380132622036722,1.5031887620811315,6,10,10
1917,1.380132622036722,1.5031887620811315,6,10,10
1918,1.380132622036722,1.5031887620811315,6,10,10
1919,1.380132622036722,1.5031887620811315,6,10,10
1920,1.380132622036722,1.5031887620811315,6,10,10
1921,1.380132622036722,1.5031887620811315,6,10,10
1922,1.380132622036722,1.5031887620811315,6,10,10
1923,1.380132622036722,1.5031887620811315,6,10,10
1924,1.380132622036722,1.5031887620811315,6,10,10
1925,1.380132622036722,1.5031887620811315,6,10,10
1926,1.380132622036722,1.5031887620811315,6,10,10
1927,1.380132622036722,1.5031887620811315,6,10,10
1928,1.380132622036722,1.5031887620811315,6,10,10
1929,1.380132622036722,1.5031887620811315,6,10,10
1930,1.380132622036722,1.5031887620811315,6,10,10
1931,1.380132622036722,1.5031887620811315,6,10,10
1932,1.380132622036722,1.5031887620811315,6,10,10
1933,1.380132622036722,1.5031887620811315,6,10,10
1934,1.380132622036722,1.5031887620811315,6,10,10
1935,1.380132622036722,1.5031887620811315,6,10,10
1936,1.380132622036722,1.5031887620811315,6,10,10
1937,1.380132622036722,1.5031887620811315,6,10,10
1938,1.380132622036722,1.5031887620811315,6,10,10
1939,1.380132622036722,1.5031887620811315,6,10,10
1940,1.380132622036722,1.5031887620811315,6,10,10
1941,1.380132622036722,1.5031887620811315,6,10,10
1942,1.380132622036722,1.5031887620811315,6,10,10
1943,1.380132622036722,1.5031887620811315,6,10,10
1944,1.380132622036722,1.5031887620811315,6,10,10
1945,1.380132622036722,1.5031887620811315,6,10,10
1946,1.380132622036722,1.5031887620811315,6,10,10
1947,1.380132622036722,1.5031887620811315,6,10,10
1948,1.380132622036722,1.5031887620811315,6,10,10
1949,1.380132622036722,1.5031887620811315,6,10,10
1950,1.380132622036722,1.5031887620811315,6,10,10
1951,1.380132622036722,1.5031887620811315,6,10,10
1952,1.380132622036722,1.5031887620811315,6,10,10
1953,1.380132622036722,1.5031887620811315,6,10,10
1954,1.380132622036722,1.5031887620811315,6,10,10
1955,1.380132622036722,1.5031887620811315,6,10,10
1956,1.380132622036722,1.5031887620811315,6,10,10
1957,1.380132622036722,1.5031887620811315,6,10,10
1958,1.380132622036722,1.5031887620811315,6,10,10
1959,1.380132622036722,1.5031887620811315,6,10,10
1960,1.380132622036722,1.5031887620811315,6,10,10
1961,1.380132622036722,1.5031887620811315,6,10,10
1962,1.380132622036722,1.5031887620811315,6,10,10
1963,1.380132622036722,1.5031887620811315,6,10,10
1964,1.380132622036722,1.5031887620811315,6,10,10
1965,1.380132622036722,1.5031887620811315,6,10,10
1966,1.380132622036722,1.5031887620811315,6,10,10
1967,1.380132622036722,1.5031887620811315,6,10,10
1968,1.380132622036722,1.5031887620811315,6,10,10
1969,1.380132622036722,1.5031887620811315,6,10,10
1970,1.380132622036722,1.5031887620811315,6,10,10
1971,1.380132622036722,1.5031887620811315,6,10,10
1972,1.380132622036722,1.5031887620811315,6,10,10
1973,1.380132622036722,1.5031887620811315,6,10,10
1974,1.380132622036722,1.5031887620811315,6,10,10
1975,1.380132622036722,1.5031887620811315,6,10,10
1976,1.380132622036722,1.5031887620811315,6,10,10
1977,1.380132622036722,1.5031887620811315,6,10,10
1978,1.380132622036722,1.5031887620811315,6,10,10
1979,1.380132622036722,1.5031887620811315,6,10,10
1980,1.380132622036722,1.5031887620811315,6,10,10
1981,1.380132622036722,1.5031887620811315,6,10,10
1982,1.380132622036722,1.5031887620811315,6,10,10
1983,1.380132622036722,1.5031887620811315,6,10,10
1984,1.380132622036722,1.5031887620811315,6,10,10
1985,1.380132622036722,1.5031887620811315,6,10,10
1986,1.380132622036722,1.5031887620811315,6,10,10
1987,1.380132622036722,1.5031887620811315,6,10,10
1988,1.380132622036722,1.5031887620811315,6,10,10
1989,1.380132622036722,1.5031887620811315,6,10,10
1990,1.380132622036722,1.5031887620811315,6,10,10
1991,1.380132622036722,1.5031887620811315,6,10,10
1992,1.380132622036722,1.5031887620811315,6,10,10
1993,1.380132622036722,1.5031887620811315,6,10,10
1994,1.380132622036722,1.5031887620811315,6,10,10
1995,1.380132622036722,1.5031887620811315,6,10,10
1996,1.380132622036722,1.5031887620811315,6,10,10
1997,1.380132622036722,1.5031887620811315,6,10,10
1998,1.380132622036722,1.5031887620811315,6,10,10
1999,1.380132622036722,1.5031887620811315,6,10,10
2000,1.380132622036722,1.5031887620811315,6,10,10
2001,1.380132622036722,1.5031887620811315,6,10,10
2002,1.380132622036722,1.5031887620811315,6,10,10
2003,1.380132622036722,1.5031887620811315,6,10,10
2004,1.380132622036722,1.5031887620811315,6,10,10
2005,1.380132622036722,1.5031887620811315,6,10,10
2006,1.380132622036722,1.5031887620811315,6,10,10
2007,1.380132622036722,1.5031887620811315,6,10,10
2008,1.380132622036722,1.5031887620811315,6,10,10
2009,1.380132622036722,1.5031887620811315,6,10,10
2010,1.380132622036722,1.5031887620811315,6,10,10
2011,1.380132622036722,1.5031887620811315,6,10,10
2012,1.380132622036722,1.5031887620811315,6,10,10
2013,1.380132622036722,1.5031887620811315,6,10,10
2014,1.380132622036722,1.5031887620811315,6,10,10
2015,1.380132622036722,1.5031887620811315,6,10,10
2016,1.380132622036722,1.5031887620811315,6,10,10
2017,1.380132622036722,1.5031887620811315,6,10,10
2018,1.380132622036722,1.5031887620811315,6,10,10
2019,1.380132622036722,1.5031887620811315,6,10,10
2020,1.380132622036722,1.5031887620811315,6,10,10
2021,1.380132622036722,1.5031887620811315,6,10,10
2022,1.380132622036722,1.5031887620811315,6,10,10
2023,1.380132622036722,1.5031887620811315,6,10,10
2024,1.380132622036722,1.5031887620811315,6,10,10
2025,1.380132622036722,1.5031887620811315,6,10,10
2026,1.380132622036722,1.5031887620811315,6,10,10
2027,1.380132622036722,1.5031887620811315,6,10,10
2028,1.380132622036722,1.5031887620811315,6,10,10
2029,1.380132622036722,1.5031887620811315,6,10,10
2030,1.380132622036722,1.5031887620811315,6,10,10
2031,1.380132622036722,1.5031887620811315,6,10,10
2032,1.380132622036722,1.5031887620811315,6,10,10
2033,1.380132622036722,1.5031887620811315,6,10,10
2034,1.380132622036722,1.5031887620811315,6,10,10
2035,1.380132622036722,1.5031887620811315,6,10,10
2036,1.380132622036722,1.5031887620811315,6,10,10
2037,1.380132622036722,1.5031887620811315,6,10,10
2038,1.380132622036722,1.5031887620811315,6,10,10
2039,1.380132622036722,1.5031887620811315,6,10,10
2040,1.380132622036722,1.5031887620811315,6,10,10
2041,1.380132622036722,1.5031887620811315,6,10,10
2042,1.380132622036722,1.5031887620811315,6,10,10
2043,1.380132622036722,1.5031887620811315,6,10,10
2044,1.380132622036722,1.5031887620811315,6,10,10
2045,1.380132622036722,1.5031887620811315,6,10,10
2046,1.380132622036722,1.5031887620811315,6,10,10
2047,1.380132622036722,1.5031887620811315,6,10,10
2048,1.380132622036722,1.5031887620811315,6,10,10
2049,1.380132622036722,1.5031887620811315,6,10,10
2050,1.380132622036722,1.5031887620811315,6,10,10
2051,1.380132622036722,1.5031887620811315,6,10,10
2052,1.380132622036722,1.5031887620811315,6,10,10
2053,1.380132622036722,1.5031887620811315,6,10,10
2054,1.380132622036722,1.5031887620811315,6,10,10
2055,1.380132622036722,1.5031887620811315,6,10,10
2056,1.380132622036722,1.5031887620811315,6,10,10
2057,1.380132622036722,1.5031887620811315,6,10,10
2058,1.380132622036722,1.5031887620811315,6,10,10
2059,1.380132622036722,1.5031887620811315,6,10,10
2060,1.380132622036722,1.5031887620811315,6,10,10
2061,1.380132622036722,1.5031887620811315,6,10,10
2062,1.380132622036722,1.5031887620811315,6,10,10
2063,1.380132622036722,1.5031887620811315,6,10,10
2064,1.380132622036722,1.5031887620811315,6,10,10
2065,1.380132622036722,1.5031887620811315,6,10,10
2066,1.380132622036722,1.5031887620811315,6,10,10
2067,1.380132622036722,1.5031887620811315,6,10,10
2068,1.380132622036722,1.5031887620811315,6,10,10
2069,1.380132622036722,1.5031887620811315,6,10,10
2070,1.380132622036722,1.5031887620811315,6,10,10
2071,1.380132622036722,1.5031887620811315,6,10,10
2072,1.380132622036722,1.5031887620811315,6,10,10
2073,1.380132622036722,1.5031887620811315,6,10,10
2074,1.380132622036722,1.5031887620811315,6,10,10
2075,1.380132622036722,1.5031887620811315,6,10,10
2076,1.380132622036722,1.5031887620811315,6,10,10
2077,1.380132622036722,1.5031887620811315,6,10,10
2078,1.380132622036722,1.5031887620811315,6,10,10
2079,1.380132622036722,1.5031887620811315,6,10,10
2080,1.380132622036722,1.5031887620811315,6,10,10
2081,1.380132622036722,1.5031887620811315,6,10,10
2082,1.380132622036722,1.5031887620811315,6,10,10
2083,1.380132622036722,1.5031887620811315,6,10,10
2084,1.380132622036722,1.5031887620811315,6,10,10
2085,1.380132622036722,1.5031887620811315,6,10,10
2086,1.380132622036722,1.5031887620811315,6,10,10
2087,1.380132622036722,1.5031887620811315,6,10,10
2088,1.380132622036722,1.5031887620811315,6,10,10
2089,1.380132622036722,1.5031887620811315,6,10,10
2090,1.380132622036722,1.5031887620811315,6,10,10
2091,1.380132622036722,1.5031887620811315,6,10,10
2092,1.380132622036722,1.5031887620811315,6,10,10
2093,1.380132622036722,1.5031887620811315,6,10,10
2094,1.380132622036722,1.5031887620811315,6,10,10
2095,1.380132622036722,1.5031887620811315,6,10,10
2096,1.380132622036722,1.5031887620811315,6,10,10
2097,1.380132622036722,1.5031887620811315,6,10,10
2098,1.380132622036722,1.5031887620811315,6,10,10
2099,1.380132622036722,1.5031887620811315,6,10,10
2100,1.380132622036722,1.5031887620811315,6,10,10
2101,1.380132622036722,1.5031887620811315,6,10,10
2102,1.380132622036722,1.5031887620811315,6,10,10
2103,1.380132622036722,1.5031887620811315,6,10,10
2104,1.380132622036722,1.5031887620811315,6,10,10
2105,1.380132622036722,1.5031887620811315,6,10,10
2106,1.380132622036722,1.5031887620811315,6,10,10
2107,1.380132622036722,1.5031887620811315,6,10,10
2108,1.380132622036722,1.5031887620811315,6,10,10
2109,1.380132622036722,1.5031887620811315,6,10,10
2110,1.380132622036722,1.5031887620811315,6,10,10
2111,1.380132622036722,1.5031887620811315,6,10,10
2112,1.380132622036722,1.5031887620811315,6,10,10
2113,1.380132622036722,1.5031887620811315,6,10,10
2114,1.380132622036722,1.5031887620811315,6,10,10
2115,1.380132622036722,1.5031887620811315,6,10,10
2116,1.380132622036722,1.5031887620811315,6,10,10
2117,1.380132622036722,1.5031887620811315,6,10,10
2118,1.380132622036722,1.5031887620811315,6,10,10
2119,1.380132622036722,1.5031887620811315,6,10,10
2120,1.380132622036722,1.5031887620811315,6,10,10
2121,1.380132622036722,1.5031887620811315,6,10,10
2122,1.380132622036722,1.5031887620811315,6,10,10
2123,1.380132622036722,1.5031887620811315,6,10,10
2124,1.380132622036722,1.5031887620811315,6,10,10
2125,1.380132622036722,1.5031887620811315,6,10,10
2126,1.380132622036722,1.5031887620811315,6,10,10
2127,1.380132622036722,1.5031887620811315,6,10,10
2128,1.380132622036722,1.5031887620811315,6,10,10
2129,1.380132622036722,1.5031887620811315,6,10,10
2130,1.380132622036722,1.5031887620811315,6,10,10
2131,1.380132622036722,1.5031887620811315,6,10,10
2132,1.380132622036722,1.5031887620811315,6,10,10
2133,1.380132622036722,1.5031887620811315,6,10,10
2134,1.380132622036722,1.5031887620811315,6,10,10
2135,1.380132622036722,1.5031887620811315,6,10,10
2136,1.380132622036722,1.5031887620811315,6,10,10
2137,1.380132622036722,1.5031887620811315,6,10,10
2138,1.380132622036722,1.5031887620811315,6,10,10
2139,1.380132622036722,1.5031887620811315,6,10,10
2140,1.380132622036722,1.5031887620811315,6,10,10
2141,1.380132622036722,1.5031887620811315,6,10,10
2142,1.380132622036722,1.5031887620811315,6,10,10
2143,1.380132622036722,1.5031887620811315,6,10,10
2144,1.380132622036722,1.5031887620811315,6,10,10
2145,1.380132622036722,1.5031887620811315,6,10,10
2146,1.380132622036722,1.5031887620811315,6,10,10
2147,1.380132622036722,1.5031887620811315,6,10,10
2148,1.380132622036722,1.5031887620811315,6,10,10
2149,1.380132622036722,1.5031887620811315,6,10,10
2150,1.380132622036722,1.5031887620811315,6,10,10
2151,1.380132622036722,1.5031887620811315,6,10,10
2152,1.380132622036722,1.5031887620811315,6,10,10
2153,1.380132622036722,1.5031887620811315,6,10,10
2154,1.380132622036722,1.5031887620811315,6,10,10
2155,1.380132622036722,1.5031887620811315,6,10,10
2156,1.380132622036722,1.5031887620811315,6,10,10
2157,1.380132622036722,1.5031887620811315,6,10,10
2158,1.380132622036722,1.5031887620811315,6,10,10
2159,1.380132622036722,1.5031887620811315,6,10,10
2160,1.380132622036722,1.5031887620811315,6,10,10
2161,1.380132622036722,1.5031887620811315,6,10,10
2162,1.380132622036722,1.5031887620811315,6,10,10
2163,1.380132622036722,1.5031887620811315,6,10,10
2164,1.380132622036722,1.5031887620811315,6,10,10
2165,1.380132622036722,1.5031887620811315,6,10,10
2166,1.380132622036722,1.5031887620811315,6,10,10
2167,1.380132622036722,1.5031887620811315,6,10,10
2168,1.380132622036722,1.5031887620811315,6,10,10
2169,1.380132622036722,1.5031887620811315,6,10,10
2170,1.380132622036722,1.5031887620811315,6,10,10
2171,1.380132622036722,1.5031887620811315,6,10,10
2172,1.380132622036722,1.5031887620811315,6,10,10
2173,1.380132622036722,1.5031887620811315,6,10,10
2174,1.380132622036722,1.5031887620811315,6,10,10
2175,1.380132622036722,1.5031887620811315,6,10,10
2176,1.380132622036722,1.5031887620811315,6,10,10
2177,1.380132622036722,1.5031887620811315,6,10,10
2178,1.380132622036722,1.5031887620811315,6,10,10
2179,1.380132622036722,1.5031887620811315,6,10,10
2180,1.380132622036722,1.5031887620811315,6,10,10
2181,1.380132622036722,1.5031887620811315,6,10,10
2182,1.380132622036722,1.5031887620811315,6,10,10
2183,1.380132622036722,1.5031887620811315,6,10,10
2184,1.380132622036722,1.5031887620811315,6,10,10
2185,1.380132622036722,1.5031887620811315,6,10,10
2186,1.380132622036722,1.5031887620811315,6,10,10
2187,1.380132622036722,1.5031887620811315,6,10,10
2188,1.380132622036722,1.5031887620811315,6,10,10
2189,1.380132622036722,1.5031887620811315,6,10,10
2190,1.380132622036722,1.5031887620811315,6,10,10
2191,1.380132622036722,1.5031887620811315,6,10,10
2192,1.380132622036722,1.5031887620811315,6,10,10
2193,1.380132622036722,1.5031887620811315,6,10,10
2194,1.380132622036722,1.5031887620811315,6,10,10
2195,1.380132622036722,1.5031887620811315,6,10,10
2196,1.380132622036722,1.5031887620811315,6,10,10
2197,1.380132622036722,1.5031887620811315,6,10,10
2198,1.380132622036722,1.5031887620811315,6,10,10
2199,1.380132622036722,1.5031887620811315,6,10,10
2200,1.380132622036722,1.5031887620811315,6,10,10
2201,1.380132622036722,1.5031887620811315,6,10,10
2202,1.380132622036722,1.5031887620811315,6,10,10
2203,1.380132622036722,1.5031887620811315,6,10,10
2204,1.380132622036722,1.5031887620811315,6,10,10
2205,1.380132622036722,1.5031887620811315,6,10,10
2206,1.380132622036722,1.5031887620811315,6,10,10
2207,1.380132622036722,1.5031887620811315,6,10,10
2208,1.380132622036722,1.5031887620811315,6,10,10
2209,1.380132622036722,1.5031887620811315,6,10,10
2210,1.380132622036722,1.5031887620811315,6,10,10
2211,1.380132622036722,1.5031887620811315,6,10,10
2212,1.380132622036722,1.5031887620811315,6,10,10
2213,1.380132622036722,1.5031887620811315,6,10,10
2214,1.380132622036722,1.5031887620811315,6,10,10
2215,1.380132622036722,1.5031887620811315,6,10,10
2216,1.380132622036722,1.5031887620811315,6,10,10
2217,1.380132622036722,1.5031887620811315,6,10,10
2218,1.380132622036722,1.5031887620811315,6,10,10
2219,1.380132622036722,1.5031887620811315,6,10,10
2220,1.380132622036722,1.5031887620811315,6,10,10
2221,1.380132622036722,1.5031887620811315,6,10,10
2222,1.380132622036722,1.5031887620811315,6,10,10
2223,1.380132622036722,1.5031887620811315,6,10,10
2224,1.380132622036722,1.5031887620811315,6,10,10
2225,1.380132622036722,1.5031887620811315,6,10,10
2226,1.380132622036722,1.5031887620811315,6,10,10
2227,1.380132622036722,1.5031887620811315,6,10,10
2228,1.380132622036722,1.5031887620811315,6,10,10
2229,1.380132622036722,1.5031887620811315,6,10,10
2230,1.380132622036722,1.5031887620811315,6,10,10
2231,1.380132622036722,1.5031887620811315,6,10,10
2232,1.380132622036722,1.5031887620811315,6,10,10
2233,1.380132622036722,1.5031887620811315,6,10,10
2234,1.380132622036722,1.5031887620811315,6,10,10
2235,1.380132622036722,1.5031887620811315,6,10,10
2236,1.380132622036722,1.5031887620811315,6,10,10
2237,1.380132622036722,1.5031887620811315,6,10,10
2238,1.380132622036722,1.5031887620811315,6,10,10
2239,1.380132622036722,1.5031887620811315,6,10,10
2240,1.380132622036722,1.5031887620811315,6,10,10
2241,1.380132622036722,1.5031887620811315,6,10,10
2242,1.380132622036722,1.5031887620811315,6,10,10
2243,1.380132622036722,1.5031887620811315,6,10,10
2244,1.380132622036722,1.5031887620811315,6,10,10
2245,1.380132622036722,1.5031887620811315,6,10,10
2246,1.380132622036722,1.5031887620811315,6,10,10
2247,1.380132622036722,1.5031887620811315,6,10,10
2248,1.380132622036722,1.5031887620811315,6,10,10
2249,1.380132622036722,1.5031887620811315,6,10,10
2250,1.380132622036722,1.5031887620811315,6,10,10
2251,1.380132622036722,1.5031887620811315,6,10,10
2252,1.380132622036722,1.5031887620811315,6,10,10
2253,1.380132622036722,1.5031887620811315,6,10,10
2254,1.380132622036722,1.5031887620811315,6,10,10
2255,1.380132622036722,1.5031887620811315,6,10,10
2256,1.380132622036722,1.5031887620811315,6,10,10
2257,1.380132622036722,1.5031887620811315,6,10,10
2258,1.380132622036722,1.5031887620811315,6,10,10
2259,1.380132622036722,1.5031887620811315,6,10,10
2260,1.380132622036722,1.5031887620811315,6,10,10
2261,1.380132622036722,1.5031887620811315,6,10,10
2262,1.380132622036722,1.5031887620811315,6,10,10
2263,1.380132622036722,1.5031887620811315,6,10,10
2264,1.380132622036722,1.5031887620811315,6,10,10
2265,1.380132622036722,1.5031887620811315,6,10,10
2266,1.380132622036722,1.5031887620811315,6,10,10
2267,1.380132622036722,1.5031887620811315,6,10,10
2268,1.380132622036722,1.5031887620811315,6,10,10
2269,1.380132622036722,1.5031887620811315,6,10,10
2270,1.380132622036722,1.5031887620811315,6,10,10
2271,1.380132622036722,1.5031887620811315,6,10,10
2272,1.380132622036722,1.5031887620811315,6,10,10
2273,1.380132622036722,1.5031887620811315,6,10,10
2274,1.380132622036722,1.5031887620811315,6,10,10
2275,1.380132622036722,1.5031887620811315,6,10,10
2276,1.380132622036722,1.5031887620811315,6,10,10
2277,1.380132622036722,1.5031887620811315,6,10,10
2278,1.380132622036722,1.5031887620811315,6,10,10
2279,1.380132622036722,1.5031887620811315,6,10,10
2280,1.380132622036722,1.5031887620811315,6,10,10
2281,1.380132622036722,1.5031887620811315,6,10,10
2282,1.380132622036722,1.5031887620811315,6,10,10
2283,1.380132622036722,1.5031887620811315,6,10,10
2284,1.380132622036722,1.5031887620811315,6,10,10
2285,1.380132622036722,1.5031887620811315,6,10,10
2286,1.380132622036722,1.5031887620811315,6,10,10
2287,1.380132622036722,1.5031887620811315,6,10,10
2288,1.380132622036722,1.5031887620811315,6,10,10
2289,1.380132622036722,1.5031887620811315,6,10,10
2290,1.380132622036722,1.5031887620811315,6,10,10
2291,1.380132622036722,1.5031887620811315,6,10,10
2292,1.380132622036722,1.5031887620811315,6,10,10
2293,1.380132622036722,1.5031887620811315,6,10,10
2294,1.380132622036722,1.5031887620811315,6,10,10
2295,1.380132622036722,1.5031887620811315,6,10,10
2296,1.380132622036722,1.5031887620811315,6,10,10
2297,1.380132622036722,1.5031887620811315,6,10,10
2298,1.380132622036722,1.5031887620811315,6,10,10
2299,1.380132622036722,1.5031887620811315,6,10,10
2300,1.380132622036722,1.5031887620811315,6,10,10
2301,1.380132622036722,1.5031887620811315,6,10,10
2302,1.380132622036722,1.5031887620811315,6,10,10
2303,1.380132622036722,1.5031887620811315,6,10,10
2304,1.380132622036722,1.5031887620811315,6,10,10
2305,1.380132622036722,1.5031887620811315,6,10,10
2306,1.380132622036722,1.5031887620811315,6,10,10
2307,1.380132622036722,1.5031887620811315,6,10,10
2308,1.380132622036722,1.5031887620811315,6,10,10
2309,1.380132622036722,1.5031887620811315,6,10,10
2310,1.380132622036722,1.5031887620811315,6,10,10
2311,1.380132622036722,1.5031887620811315,6,10,10
2312,1.380132622036722,1.5031887620811315,6,10,10
2313,1.380132622036722,1.5031887620811315,6,10,10
2314,1.380132622036722,1.5031887620811315,6,10,10
2315,1.380132622036722,1.5031887620811315,6,10,10
2316,1.380132622036722,1.5031887620811315,6,10,10
2317,1.380132622036722,1.5031887620811315,6,10,10
2318,1.380132622036722,1.5031887620811315,6,10,10
2319,1.380132622036722,1.5031887620811315,6,10,10
2320,1.380132622036722,1.5031887620811315,6,10,10
2321,1.380132622036722,1.5031887620811315,6,10,10
2322,1.380132622036722,1.5031887620811315,6,10,10
2323,1.380132622036722,1.5031887620811315,6,10,10
2324,1.380132622036722,1.5031887620811315,6,10,10
2325,1.380132622036722,1.5031887620811315,6,10,10
2326,1.380132622036722,1.5031887620811315,6,10,10
2327,1.380132622036722,1.5031887620811315,6,10,10
2328,1.380132622036722,1.5031887620811315,6,10,10
2329,1.380132622036722,1.5031887620811315,6,10,10
2330,1.380132622036722,1.5031887620811315,6,10,10
2331,1.380132622036722,1.5031887620811315,6,10,10
2332,1.380132622036722,1.5031887620811315,6,10,10
2333,1.380132622036722,1.5031887620811315,6,10,10
2334,1.380132622036722,1.5031887620811315,6,10,10
2335,1.380132622036722,1.5031887620811315,6,10,10
2336,1.380132622036722,1.5031887620811315,6,10,10
2337,1.380132622036722,1.5031887620811315,6,10,10
2338,1.380132622036722,1.5031887620811315,6,10,10
2339,1.380132622036722,1.5031887620811315,6,10,10
2340,1.380132622036722,1.5031887620811315,6,10,10
2341,1.380132622036722,1.5031887620811315,6,10,10
2342,1.380132622036722,1.5031887620811315,6,10,10
2343,1.380132622036722,1.5031887620811315,6,10,10
2344,1.380132622036722,1.5031887620811315,6,10,10
2345,1.380132622036722,1.5031887620811315,6,10,10
2346,1.380132622036722,1.5031887620811315,6,10,10
2347,1.380132622036722,1.5031887620811315,6,10,10
2348,1.380132622036722,1.5031887620811315,6,10,10
2349,1.380132622036722,1.5031887620811315,6,10,10
2350,1.380132622036722,1.5031887620811315,6,10,10
2351,1.380132622036722,1.5031887620811315,6,10,10
2352,1.380132622036722,1.5031887620811315,6,10,10
2353,1.380132622036722,1.5031887620811315,6,10,10
2354,1.380132622036722,1.5031887620811315,6,10,10
2355,1.380132622036722,1.5031887620811315,6,10,10
2356,1.380132622036722,1.5031887620811315,6,10,10
2357,1.380132622036722,1.5031887620811315,6,10,10
2358,1.380132622036722,1.5031887620811315,6,10,10
2359,1.380132622036722,1.5031887620811315,6,10,10
2360,1.380132622036722,1.5031887620811315,6,10,10
2361,1.380132622036722,1.5031887620811315,6,10,10
2362,1.380132622036722,1.5031887620811315,6,10,10
2363,1.380132622036722,1.5031887620811315,6,10,10
2364,1.380132622036722,1.5031887620811315,6,10,10
2365,1.380132622036722,1.5031887620811315,6,10,10
2366,1.380132622036722,1.5031887620811315,6,10,10
2367,1.380132622036722,1.5031887620811315,6,10,10
2368,1.380132622036722,1.5031887620811315,6,10,10
2369,1.380132622036722,1.5031887620811315,6,10,10
2370,1.380132622036722,1.5031887620811315,6,10,10
2371,1.380132622036722,1.5031887620811315,6,10,10
2372,1.380132622036722,1.5031887620811315,6,10,10
2373,1.380132622036722,1.5031887620811315,6,10,10
2374,1.380132622036722,1.5031887620811315,6,10,10
2375,1.380132622036722,1.5031887620811315,6,10,10
2376,1.380132622036722,1.5031887620811315,6,10,10
2377,1.380132622036722,1.5031887620811315,6,10,10
2378,1.380132622036722,1.5031887620811315,6,10,10
2379,1.380132622036722,1.5031887620811315,6,10,10
2380,1.380132622036722,1.5031887620811315,6,10,10
2381,1.380132622036722,1.5031887620811315,6,10,10
2382,1.380132622036722,1.5031887620811315,6,10,10
2383,1.380132622036722,1.5031887620811315,6,10,10
2384,1.380132622036722,1.5031887620811315,6,10,10
2385,1.380132622036722,1.5031887620811315,6,10,10
2386,1.380132622036722,1.5031887620811315,6,10,10
2387,1.380132622036722,1.5031887620811315,6,10,10
2388,1.380132622036722,1.5031887620811315,6,10,10
2389,1.380132622036722,1.5031887620811315,6,10,10
2390,1.380132622036722,1.5031887620811315,6,10,10
2391,1.380132622036722,1.5031887620811315,6,10,10
2392,1.380132622036722,1.5031887620811315,6,10,10
2393,1.380132622036722,1.5031887620811315,6,10,10
2394,1.380132622036722,1.5031887620811315,6,10,10
2395,1.380132622036722,1.5031887620811315,6,10,10
2396,1.380132622036722,1.5031887620811315,6,10,10
2397,1.380132622036722,1.5031887620811315,6,10,10
2398,1.380132622036722,1.5031887620811315,6,10,10
2399,1.380132622036722,1.5031887620811315,6,10,10
2400,1.380132622036722,1.5031887620811315,6,10,10
2401,1.380132622036722,1.5031887620811315,6,10,10
2402,1.380132622036722,1.5031887620811315,6,10,10
2403,1.380132622036722,1.5031887620811315,6,10,10
2404,1.380132622036722,1.5031887620811315,6,10,10
2405,1.380132622036722,1.5031887620811315,6,10,10
2406,1.380132622036722,1.5031887620811315,6,10,10
2407,1.380132622036722,1.5031887620811315,6,10,10
2408,1.380132622036722,1.5031887620811315,6,10,10
2409,1.380132622036722,1.5031887620811315,6,10,10
2410,1.380132622036722,1.5031887620811315,6,10,10
2411,1.380132622036722,1.5031887620811315,6,10,10
2412,1.380132622036722,1.5031887620811315,6,10,10
2413,1.380132622036722,1.5031887620811315,6,10,10
2414,1.380132622036722,1.5031887620811315,6,10,10
2415,1.380132622036722,1.5031887620811315,6,10,10
2416,1.380132622036722,1.5031887620811315,6,10,10
2417,1.380132622036722,1.5031887620811315,6,10,10
2418,1.380132622036722,1.5031887620811315,6,10,10
2419,1.380132622036722,1.5031887620811315,6,10,10
2420,1.380132622036722,1.5031887620811315,6,10,10
2421,1.380132622036722,1.5031887620811315,6,10,10
2422,1.380132622036722,1.5031887620811315,6,10,10
2423,1.380132622036722,1.5031887620811315,6,10,10
2424,1.380132622036722,1.5031887620811315,6,10,10
2425,1.380132622036722,1.5031887620811315,6,10,10
2426,1.380132622036722,1.5031887620811315,6,10,10
2427,1.380132622036722,1.5031887620811315,6,10,10
2428,1.380132622036722,1.5031887620811315,6,10,10
2429,1.380132622036722,1.5031887620811315,6,10,10
2430,1.380132622036722,1.5031887620811315,6,10,10
2431,1.380132622036722,1.5031887620811315,6,10,10
2432,1.380132622036722,1.5031887620811315,6,10,10
2433,1.380132622036722,1.5031887620811315,6,10,10
2434,1.380132622036722,1.5031887620811315,6,10,10
2435,1.380132622036722,1.5031887620811315,6,10,10
2436,1.380132622036722,1.5031887620811315,6,10,10
2437,1.380132622036722,1.5031887620811315,6,10,10
2438,1.380132622036722,1.5031887620811315,6,10,10
2439,1.380132622036722,1.5031887620811315,6,10,10
2440,1.380132622036722,1.5031887620811315,6,10,10
2441,1.380132622036722,1.5031887620811315,6,10,10
2442,1.380132622036722,1.5031887620811315,6,10,10
2443,1.380132622036722,1.5031887620811315,6,10,10
2444,1.380132622036722,1.5031887620811315,6,10,10
2445,1.380132622036722,1.5031887620811315,6,10,10
2446,1.380132622036722,1.5031887620811315,6,10,10
2447,1.380132622036722,1.5031887620811315,6,10,10
2448,1.380132622036722,1.5031887620811315,6,10,10
2449,1.380132622036722,1.5031887620811315,6,10,10
2450,1.380132622036722,1.5031887620811315,6,10,10
2451,1.380132622036722,1.5031887620811315,6,10,10
2452,1.380132622036722,1.5031887620811315,6,10,10
2453,1.380132622036722,1.5031887620811315,6,10,10
2454,1.380132622036722,1.5031887620811315,6,10,10
2455,1.380132622036722,1.5031887620811315,6,10,10
2456,1.380132622036722,1.5031887620811315,6,10,10
2457,1.380132622036722,1.5031887620811315,6,10,10
2458,1.380132622036722,1.5031887620811315,6,10,10
2459,1.380132622036722,1.5031887620811315,6,10,10
2460,1.380132622036722,1.5031887620811315,6,10,10
2461,1.380132622036722,1.5031887620811315,6,10,10
2462,1.380132622036722,1.5031887620811315,6,10,10
2463,1.380132622036722,1.5031887620811315,6,10,10
2464,1.380132622036722,1.5031887620811315,6,10,10
2465,1.380132622036722,1.5031887620811315,6,10,10
2466,1.380132622036722,1.5031887620811315,6,10,10
2467,1.380132622036722,1.5031887620811315,6,10,10
2468,1.380132622036722,1.5031887620811315,6,10,10
2469,1.380132622036722,1.5031887620811315,6,10,10
2470,1.380132622036722,1.5031887620811315,6,10,10
2471,1.380132622036722,1.5031887620811315,6,10,10
2472,1.380132622036722,1.5031887620811315,6,10,10
2473,1.380132622036722,1.5031887620811315,6,10,10
2474,1.380132622036722,1.5031887620811315,6,10,10
2475,1.380132622036722,1.5031887620811315,6,10,10
2476,1.380132622036722,1.5031887620811315,6,10,10
2477,1.380132622036722,1.5031887620811315,6,10,10
2478,1.380132622036722,1.5031887620811315,6,10,10
2479,1.380132622036722,1.5031887620811315,6,10,10
2480,1.380132622036722,1.5031887620811315,6,10,10
2481,1.380132622036722,1.5031887620811315,6,10,10
2482,1.380132622036722,1.5031887620811315,6,10,10
2483,1.380132622036722,1.5031887620811315,6,10,10
2484,1.380132622036722,1.5031887620811315,6,10,10
2485,1.380132622036722,1.5031887620811315,6,10,10
2486,1.380132622036722,1.5031887620811315,6,10,10
2487,1.380132622036722,1.5031887620811315,6,10,10
2488,1.380132622036722,1.5031887620811315,6,10,10
2489,1.380132622036722,1.5031887620811315,6,10,10
2490,1.380132622036722,1.5031887620811315,6,10,10
2491,1.380132622036722,1.5031887620811315,6,10,10
2492,1.380132622036722,1.5031887620811315,6,10,10
2493,1.380132622036722,1.5031887620811315,6,10,10
2494,1.380132622036722,1.5031887620811315,6,10,10
2495,1.380132622036722,1.5031887620811315,6,10,10
2496,1.380132622036722,1.5031887620811315,6,10,10
2497,1.380132622036722,1.5031887620811315,6,10,10
2498,1.380132622036722,1.5031887620811315,6,10,10
2499,1.380132622036722,1.5031887620811315,6,10,10
2500,1.380132622036722,1.5031887620811315,6,10,10
2501,1.380132622036722,1.5031887620811315,6,10,10
2502,1.380132622036722,1.5031887620811315,6,10,10
2503,1.380132622036722,1.5031887620811315,6,10,10
2504,1.380132622036722,1.5031887620811315,6,10,10
2505,1.380132622036722,1.5031887620811315,6,10,10
2506,1.380132622036722,1.5031887620811315,6,10,10
2507,1.380132622036722,1.5031887620811315,6,10,10
2508,1.380132622036722,1.5031887620811315,6,10,10
2509,1.380132622036722,1.5031887620811315,6,10,10
2510,1.380132622036722,1.5031887620811315,6,10,10
2511,1.380132622036722,1.5031887620811315,6,10,10
2512,1.380132622036722,1.5031887620811315,6,10,10
2513,1.380132622036722,1.5031887620811315,6,10,10
2514,1.380132622036722,1.5031887620811315,6,10,10
2515,1.380132622036722,1.5031887620811315,6,10,10
2516,1.380132622036722,1.5031887620811315,6,10,10
2517,1.380132622036722,1.5031887620811315,6,10,10
2518,1.380132622036722,1.5031887620811315,6,10,10
2519,1.380132622036722,1.5031887620811315,6,10,10
2520,1.380132622036722,1.5031887620811315,6,10,10
2521,1.380132622036722,1.5031887620811315,6,10,10
2522,1.380132622036722,1.5031887620811315,6,10,10
2523,1.380132622036722,1.5031887620811315,6,10,10
2524,1.380132622036722,1.5031887620811315,6,10,10
2525,1.380132622036722,1.5031887620811315,6,10,10
2526,1.380132622036722,1.5031887620811315,6,10,10
2527,1.380132622036722,1.5031887620811315,6,10,10
2528,1.380132622036722,1.5031887620811315,6,10,10
2529,1.380132622036722,1.5031887620811315,6,10,10
2530,1.380132622036722,1.5031887620811315,6,10,10
2531,1.380132622036722,1.5031887620811315,6,10,10
2532,1.380132622036722,1.5031887620811315,6,10,10
2533,1.380132622036722,1.5031887620811315,6,10,10
2534,1.380132622036722,1.5031887620811315,6,10,10
2535,1.380132622036722,1.5031887620811315,6,10,10
2536,1.380132622036722,1.5031887620811315,6,10,10
2537,1.380132622036722,1.5031887620811315,6,10,10
2538,1.380132622036722,1.5031887620811315,6,10,10
2539,1.380132622036722,1.5031887620811315,6,10,10
2540,1.380132622036722,1.5031887620811315,6,10,10
2541,1.380132622036722,1.5031887620811315,6,10,10
2542,1.380132622036722,1.5031887620811315,6,10,10
2543,1.380132622036722,1.5031887620811315,6,10,10
2544,1.380132622036722,1.5031887620811315,6,10,10
2545,1.380132622036722,1.5031887620811315,6,10,10
2546,1.380132622036722,1.5031887620811315,6,10,10
2547,1.380132622036722,1.5031887620811315,6,10,10
2548,1.380132622036722,1.5031887620811315,6,10,10
2549,1.380132622036722,1.5031887620811315,6,10,10
2550,1.380132622036722,1.5031887620811315,6,10,10
2551,1.380132622036722,1.5031887620811315,6,10,10
2552,1.380132622036722,1.5031887620811315,6,10,10
2553,1.380132622036722,1.5031887620811315,6,10,10
2554,1.380132622036722,1.5031887620811315,6,10,10
2555,1.380132622036722,1.5031887620811315,6,10,10
2556,1.380132622036722,1.5031887620811315,6,10,10
2557,1.380132622036722,1.5031887620811315,6,10,10
2558,1.380132622036722,1.5031887620811315,6,10,10
2559,1.380132622036722,1.5031887620811315,6,10,10
2560,1.380132622036722,1.5031887620811315,6,10,10
2561,1.380132622036722,1.5031887620811315,6,10,10
2562,1.380132622036722,1.5031887620811315,6,10,10
2563,1.380132622036722,1.5031887620811315,6,10,10
2564,1.380132622036722,1.5031887620811315,6,10,10
2565,1.380132622036722,1.5031887620811315,6,10,10
2566,1.380132622036722,1.5031887620811315,6,10,10
2567,1.380132622036722,1.5031887620811315,6,10,10
2568,1.380132622036722,1.5031887620811315,6,10,10
2569,1.380132622036722,1.5031887620811315,6,10,10
2570,1.380132622036722,1.5031887620811315,6,10,10
2571,1.380132622036722,1.5031887620811315,6,10,10
2572,1.380132622036722,1.5031887620811315,6,10,10
2573,1.380132622036722,1.5031887620811315,6,10,10
2574,1.380132622036722,1.5031887620811315,6,10,10
2575,1.380132622036722,1.5031887620811315,6,10,10
2576,1.380132622036722,1.5031887620811315,6,10,10
2577,1.380132622036722,1.5031887620811315,6,10,10
2578,1.380132622036722,1.5031887620811315,6,10,10
2579,1.380132622036722,1.5031887620811315,6,10,10
2580,1.380132622036722,1.5031887620811315,6,10,10
2581,1.380132622036722,1.5031887620811315,6,10,10
2582,1.380132622036722,1.5031887620811315,6,10,10
2583,1.380132622036722,1.5031887620811315,6,10,10
2584,1.380132622036722,1.5031887620811315,6,10,10
2585,1.380132622036722,1.5031887620811315,6,10,10
2586,1.380132622036722,1.5031887620811315,6,10,10
2587,1.380132622036722,1.5031887620811315,6,10,10
2588,1.380132622036722,1.5031887620811315,6,10,10
2589,1.380132622036722,1.5031887620811315,6,10,10
2590,1.380132622036722,1.5031887620811315,6,10,10
2591,1.380132622036722,1.5031887620811315,6,10,10
2592,1.380132622036722,1.5031887620811315,6,10,10
2593,1.380132622036722,1.5031887620811315,6,10,10
2594,1.380132622036722,1.5031887620811315,6,10,10
2595,1.380132622036722,1.5031887620811315,6,10,10
2596,1.380132622036722,1.5031887620811315,6,10,10
2597,1.380132622036722,1.5031887620811315,6,10,10
2598,1.380132622036722,1.5031887620811315,6,10,10
2599,1.380132622036722,1.5031887620811315,6,10,10
2600,1.380132622036722,1.5031887620811315,6,10,10
2601,1.380132622036722,1.5031887620811315,6,10,10
2602,1.380132622036722,1.5031887620811315,6,10,10
2603,1.380132622036722,1.5031887620811315,6,10,10
2604,1.380132622036722,1.5031887620811315,6,10,10
2605,1.380132622036722,1.5031887620811315,6,10,10
2606,1.380132622036722,1.5031887620811315,6,10,10
2607,1.380132622036722,1.5031887620811315,6,10,10
2608,1.380132622036722,1.5031887620811315,6,10,10
2609,1.380132622036722,1.5031887620811315,6,10,10
2610,1.380132622036722,1.5031887620811315,6,10,10
2611,1.380132622036722,1.5031887620811315,6,10,10
2612,1.380132622036722,1.5031887620811315,6,10,10
2613,1.380132622036722,1.5031887620811315,6,10,10
2614,1.380132622036722,1.5031887620811315,6,10,10
2615,1.380132622036722,1.5031887620811315,6,10,10
2616,1.380132622036722,1.5031887620811315,6,10,10
2617,1.380132622036722,1.5031887620811315,6,10,10
2618,1.380132622036722,1.5031887620811315,6,10,10
2619,1.380132622036722,1.5031887620811315,6,10,10
2620,1.380132622036722,1.5031887620811315,6,10,10
2621,1.380132622036722,1.5031887620811315,6,10,10
2622,1.380132622036722,1.5031887620811315,6,10,10
2623,1.380132622036722,1.5031887620811315,6,10,10
2624,1.380132622036722,1.5031887620811315,6,10,10
2625,1.380132622036722,1.5031887620811315,6,10,10
2626,1.380132622036722,1.5031887620811315,6,10,10
2627,1.380132622036722,1.5031887620811315,6,10,10
2628,1.380132622036722,1.5031887620811315,6,10,10
2629,1.380132622036722,1.5031887620811315,6,10,10
2630,1.380132622036722,1.5031887620811315,6,10,10
2631,1.380132622036722,1.5031887620811315,6,10,10
2632,1.380132622036722,1.5031887620811315,6,10,10
2633,1.380132622036722,1.5031887620811315,6,10,10
2634,1.380132622036722,1.5031887620811315,6,10,10
2635,1.380132622036722,1.5031887620811315,6,10,10
2636,1.380132622036722,1.5031887620811315,6,10,10
2637,1.380132622036722,1.5031887620811315,6,10,10
2638,1.380132622036722,1.5031887620811315,6,10,10
2639,1.380132622036722,1.5031887620811315,6,10,10
2640,1.380132622036722,1.5031887620811315,6,10,10
2641,1.380132622036722,1.5031887620811315,6,10,10
2642,1.380132622036722,1.5031887620811315,6,10,10
2643,1.380132622036722,1.5031887620811315,6,10,10
2644,1.380132622036722,1.5031887620811315,6,10,10
2645,1.380132622036722,1.5031887620811315,6,10,10
2646,1.380132622036722,1.5031887620811315,6,10,10
2647,1.380132622036722,1.5031887620811315,6,10,10
2648,1.380132622036722,1.5031887620811315,6,10,10
2649,1.380132622036722,1.5031887620811315,6,10,10
2650,1.380132622036722,1.5031887620811315,6,10,10
2651,1.380132622036722,1.5031887620811315,6,10,10
2652,1.380132622036722,1.5031887620811315,6,10,10
2653,1.380132622036722,1.5031887620811315,6,10,10
2654,1.380132622036722,1.5031887620811315,6,10,10
2655,1.380132622036722,1.5031887620811315,6,10,10
2656,1.380132622036722,1.5031887620811315,6,10,10
2657,1.380132622036722,1.5031887620811315,6,10,10
2658,1.380132622036722,1.5031887620811315,6,10,10
2659,1.380132622036722,1.5031887620811315,6,10,10
2660,1.380132622036722,1.5031887620811315,6,10,10
2661,1.380132622036722,1.5031887620811315,6,10,10
2662,1.380132622036722,1.5031887620811315,6,10,10
2663,1.380132622036722,1.5031887620811315,6,10,10
2664,1.380132622036722,1.5031887620811315,6,10,10
2665,1.380132622036722,1.5031887620811315,6,10,10
2666,1.380132622036722,1.5031887620811315,6,10,10
2667,1.380132622036722,1.5031887620811315,6,10,10
2668,1.380132622036722,1.5031887620811315,6,10,10
2669,1.380132622036722,1.5031887620811315,6,10,10
2670,1.380132622036722,1.5031887620811315,6,10,10
2671,1.380132622036722,1.5031887620811315,6,10,10
2672,1.380132622036722,1.5031887620811315,6,10,10
2673,1.380132622036722,1.5031887620811315,6,10,10
2674,1.380132622036722,1.5031887620811315,6,10,10
2675,1.380132622036722,1.5031887620811315,6,10,10
2676,1.380132622036722,1.5031887620811315,6,10,10
2677,1.380132622036722,1.5031887620811315,6,10,10
2678,1.380132622036722,1.5031887620811315,6,10,10
2679,1.380132622036722,1.5031887620811315,6,10,10
2680,1.380132622036722,1.5031887620811315,6,10,10
2681,1.380132622036722,1.5031887620811315,6,10,10
2682,1.380132622036722,1.5031887620811315,6,10,10
2683,1.380132622036722,1.5031887620811315,6,10,10
2684,1.380132622036722,1.5031887620811315,6,10,10
2685,1.380132622036722,1.5031887620811315,6,10,10
2686,1.380132622036722,1.5031887620811315,6,10,10
2687,1.380132622036722,1.5031887620811315,6,10,10
2688,1.380132622036722,1.5031887620811315,6,10,10
2689,1.380132622036722,1.5031887620811315,6,10,10
2690,1.380132622036722,1.5031887620811315,6,10,10
2691,1.380132622036722,1.5031887620811315,6,10,10
2692,1.380132622036722,1.5031887620811315,6,10,10
2693,1.380132622036722,1.5031887620811315,6,10,10
2694,1.380132622036722,1.5031887620811315,6,10,10
2695,1.380132622036722,1.5031887620811315,6,10,10
2696,1.380132622036722,1.5031887620811315,6,10,10
2697,1.380132622036722,1.5031887620811315,6,10,10
2698,1.380132622036722,1.5031887620811315,6,10,10
2699,1.380132622036722,1.5031887620811315,6,10,10
2700,1.380132622036722,1.5031887620811315,6,10,10
2701,1.380132622036722,1.5031887620811315,6,10,10
2702,1.380132622036722,1.5031887620811315,6,10,10
2703,1.380132622036722,1.5031887620811315,6,10,10
2704,1.380132622036722,1.5031887620811315,6,10,10
2705,1.380132622036722,1.5031887620811315,6,10,10
2706,1.380132622036722,1.5031887620811315,6,10,10
2707,1.380132622036722,1.5031887620811315,6,10,10
2708,1.380132622036722,1.5031887620811315,6,10,10
2709,1.380132622036722,1.5031887620811315,6,10,10
2710,1.380132622036722,1.5031887620811315,6,10,10
2711,1.380132622036722,1.5031887620811315,6,10,10
2712,1.380132622036722,1.5031887620811315,6,10,10
2713,1.380132622036722,1.5031887620811315,6,10,10
2714,1.380132622036722,1.5031887620811315,6,10,10
2715,1.380132622036722,1.5031887620811315,6,10,10
2716,1.380132622036722,1.5031887620811315,6,10,10
2717,1.380132622036722,1.5031887620811315,6,10,10
2718,1.380132622036722,1.5031887620811315,6,10,10
2719,1.380132622036722,1.5031887620811315,6,10,10
2720,1.380132622036722,1.5031887620811315,6,10,10
2721,1.380132622036722,1.5031887620811315,6,10,10
2722,1.380132622036722,1.5031887620811315,6,10,10
2723,1.380132622036722,1.5031887620811315,6,10,10
2724,1.380132622036722,1.5031887620811315,6,10,10
2725,1.380132622036722,1.5031887620811315,6,10,10
2726,1.380132622036722,1.5031887620811315,6,10,10
2727,1.380132622036722,1.5031887620811315,6,10,10
2728,1.380132622036722,1.5031887620811315,6,10,10
2729,1.380132622036722,1.5031887620811315,6,10,10
2730,1.380132622036722,1.5031887620811315,6,10,10
2731,1.380132622036722,1.5031887620811315,6,10,10
2732,1.380132622036722,1.5031887620811315,6,10,10
2733,1.380132622036722,1.5031887620811315,6,10,10
2734,1.380132622036722,1.5031887620811315,6,10,10
2735,1.380132622036722,1.5031887620811315,6,10,10
2736,1.380132622036722,1.5031887620811315,6,10,10
2737,1.380132622036722,1.5031887620811315,6,10,10
2738,1.380132622036722,1.5031887620811315,6,10,10
2739,1.380132622036722,1.5031887620811315,6,10,10
2740,1.380132622036722,1.5031887620811315,6,10,10
2741,1.380132622036722,1.5031887620811315,6,10,10
2742,1.380132622036722,1.5031887620811315,6,10,10
2743,1.380132622036722,1.5031887620811315,6,10,10
2744,1.380132622036722,1.5031887620811315,6,10,10
2745,1.380132622036722,1.5031887620811315,6,10,10
2746,1.380132622036722,1.5031887620811315,6,10,10
2747,1.380132622036722,1.5031887620811315,6,10,10
2748,1.380132622036722,1.5031887620811315,6,10,10
2749,1.380132622036722,1.5031887620811315,6,10,10
2750,1.380132622036722,1.5031887620811315,6,10,10
2751,1.380132622036722,1.5031887620811315,6,10,10
2752,1.380132622036722,1.5031887620811315,6,10,10
2753,1.380132622036722,1.5031887620811315,6,10,10
2754,1.380132622036722,1.5031887620811315,6,10,10
2755,1.380132622036722,1.5031887620811315,6,10,10
2756,1.380132622036722,1.5031887620811315,6,10,10
2757,1.380132622036722,1.5031887620811315,6,10,10
2758,1.380132622036722,1.5031887620811315,6,10,10
2759,1.380132622036722,1.5031887620811315,6,10,10
2760,1.380132622036722,1.5031887620811315,6,10,10
2761,1.380132622036722,1.5031887620811315,6,10,10
2762,1.380132622036722,1.5031887620811315,6,10,10
2763,1.380132622036722,1.5031887620811315,6,10,10
2764,1.380132622036722,1.5031887620811315,6,10,10
2765,1.380132622036722,1.5031887620811315,6,10,10
2766,1.380132622036722,1.5031887620811315,6,10,10
2767,1.380132622036722,1.5031887620811315,6,10,10
2768,1.380132622036722,1.5031887620811315,6,10,10
2769,1.380132622036722,1.5031887620811315,6,10,10
2770,1.380132622036722,1.5031887620811315,6,10,10
2771,1.380132622036722,1.5031887620811315,6,10,10
2772,1.380132622036722,1.5031887620811315,6,10,10
2773,1.380132622036722,1.5031887620811315,6,10,10
2774,1.380132622036722,1.5031887620811315,6,10,10
2775,1.380132622036722,1.5031887620811315,6,10,10
2776,1.380132622036722,1.5031887620811315,6,10,10
2777,1.380132622036722,1.5031887620811315,6,10,10
2778,1.380132622036722,1.5031887620811315,6,10,10
2779,1.380132622036722,1.5031887620811315,6,10,10
2780,1.380132622036722,1.5031887620811315,6,10,10
2781,1.380132622036722,1.5031887620811315,6,10,10
2782,1.380132622036722,1.5031887620811315,6,10,10
2783,1.380132622036722,1.5031887620811315,6,10,10
2784,1.380132622036722,1.5031887620811315,6,10,10
2785,1.380132622036722,1.5031887620811315,6,10,10
2786,1.380132622036722,1.5031887620811315,6,10,10
2787,1.380132622036722,1.5031887620811315,6,10,10
2788,1.380132622036722,1.5031887620811315,6,10,10
2789,1.380132622036722,1.5031887620811315,6,10,10
2790,1.380132622036722,1.5031887620811315,6,10,10
2791,1.380132622036722,1.5031887620811315,6,10,10
2792,1.380132622036722,1.5031887620811315,6,10,10
2793,1.380132622036722,1.5031887620811315,6,10,10
2794,1.380132622036722,1.5031887620811315,6,10,10
2795,1.380132622036722,1.5031887620811315,6,10,10
2796,1.380132622036722,1.5031887620811315,6,10,10
2797,1.380132622036722,1.5031887620811315,6,10,10
2798,1.380132622036722,1.5031887620811315,6,10,10
2799,1.380132622036722,1.5031887620811315,6,10,10
2800,1.380132622036722,1.5031887620811315,6,10,10
2801,1.380132622036722,1.5031887620811315,6,10,10
2802,1.380132622036722,1.5031887620811315,6,10,10
2803,1.380132622036722,1.5031887620811315,6,10,10
2804,1.380132622036722,1.5031887620811315,6,10,10
2805,1.380132622036722,1.5031887620811315,6,10,10
2806,1.380132622036722,1.5031887620811315,6,10,10
2807,1.380132622036722,1.5031887620811315,6,10,10
2808,1.380132622036722,1.5031887620811315,6,10,10
2809,1.380132622036722,1.5031887620811315,6,10,10
2810,1.380132622036722,1.5031887620811315,6,10,10
2811,1.380132622036722,1.5031887620811315,6,10,10
2812,1.380132622036722,1.5031887620811315,6,10,10
2813,1.380132622036722,1.5031887620811315,6,10,10
2814,1.380132622036722,1.5031887620811315,6,10,10
2815,1.380132622036722,1.5031887620811315,6,10,10
2816,1.380132622036722,1.5031887620811315,6,10,10
2817,1.380132622036722,1.5031887620811315,6,10,10
2818,1.380132622036722,1.5031887620811315,6,10,10
2819,1.380132622036722,1.5031887620811315,6,10,10
2820,1.380132622036722,1.5031887620811315,6,10,10
2821,1.380132622036722,1.5031887620811315,6,10,10
2822,1.380132622036722,1.5031887620811315,6,10,10
2823,1.380132622036722,1.5031887620811315,6,10,10
2824,1.380132622036722,1.5031887620811315,6,10,10
2825,1.380132622036722,1.5031887620811315,6,10,10
2826,1.380132622036722,1.5031887620811315,6,10,10
2827,1.380132622036722,1.5031887620811315,6,10,10
2828,1.380132622036722,1.5031887620811315,6,10,10
2829,1.380132622036722,1.5031887620811315,6,10,10
2830,1.380132622036722,1.5031887620811315,6,10,10
2831,1.380132622036722,1.5031887620811315,6,10,10
2832,1.380132622036722,1.5031887620811315,6,10,10
2833,1.380132622036722,1.5031887620811315,6,10,10
2834,1.380132622036722,1.5031887620811315,6,10,10
2835,1.380132622036722,1.5031887620811315,6,10,10
2836,1.380132622036722,1.5031887620811315,6,10,10
2837,1.380132622036722,1.5031887620811315,6,10,10
2838,1.380132622036722,1.5031887620811315,6,10,10
2839,1.380132622036722,1.5031887620811315,6,10,10
2840,1.380132622036722,1.5031887620811315,6,10,10
2841,1.380132622036722,1.5031887620811315,6,10,10
2842,1.380132622036722,1.5031887620811315,6,10,10
2843,1.380132622036722,1.5031887620811315,6,10,10
2844,1.380132622036722,1.5031887620811315,6,10,10
2845,1.380132622036722,1.5031887620811315,6,10,10
2846,1.380132622036722,1.5031887620811315,6,10,10
2847,1.380132622036722,1.5031887620811315,6,10,10
2848,1.380132622036722,1.5031887620811315,6,10,10
2849,1.380132622036722,1.5031887620811315,6,10,10
2850,1.380132622036722,1.5031887620811315,6,10,10
2851,1.380132622036722,1.5031887620811315,6,10,10
2852,1.380132622036722,1.5031887620811315,6,10,10
2853,1.380132622036722,1.5031887620811315,6,10,10
2854,1.380132622036722,1.5031887620811315,6,10,10
2855,1.380132622036722,1.5031887620811315,6,10,10
2856,1.380132622036722,1.5031887620811315,6,10,10
2857,1.380132622036722,1.5031887620811315,6,10,10
2858,1.380132622036722,1.5031887620811315,6,10,10
2859,1.380132622036722,1.5031887620811315,6,10,10
2860,1.380132622036722,1.5031887620811315,6,10,10
2861,1.380132622036722,1.5031887620811315,6,10,10
2862,1.380132622036722,1.5031887620811315,6,10,10
2863,1.380132622036722,1.5031887620811315,6,10,10
2864,1.380132622036722,1.5031887620811315,6,10,10
2865,1.380132622036722,1.5031887620811315,6,10,10
2866,1.380132622036722,1.5031887620811315,6,10,10
2867,1.380132622036722,1.5031887620811315,6,10,10
2868,1.380132622036722,1.5031887620811315,6,10,10
2869,1.380132622036722,1.5031887620811315,6,10,10
2870,1.380132622036722,1.5031887620811315,6,10,10
2871,1.380132622036722,1.5031887620811315,6,10,10
2872,1.380132622036722,1.5031887620811315,6,10,10
2873,1.380132622036722,1.5031887620811315,6,10,10
2874,1.380132622036722,1.5031887620811315,6,10,10
2875,1.380132622036722,1.5031887620811315,6,10,10
2876,1.380132622036722,1.5031887620811315,6,10,10
2877,1.380132622036722,1.5031887620811315,6,10,10
2878,1.380132622036722,1.5031887620811315,6,10,10
2879,1.380132622036722,1.5031887620811315,6,10,10
2880,1.380132622036722,1.5031887620811315,6,10,10
2881,1.380132622036722,1.5031887620811315,6,10,10
2882,1.380132622036722,1.5031887620811315,6,10,10
2883,1.380132622036722,1.5031887620811315,6,10,10
2884,1.380132622036722,1.5031887620811315,6,10,10
2885,1.380132622036722,1.5031887620811315,6,10,10
2886,1.380132622036722,1.5031887620811315,6,10,10
2887,1.380132622036722,1.5031887620811315,6,10,10
2888,1.380132622036722,1.5031887620811315,6,10,10
2889,1.380132622036722,1.5031887620811315,6,10,10
2890,1.380132622036722,1.5031887620811315,6,10,10
2891,1.380132622036722,1.5031887620811315,6,10,10
2892,1.380132622036722,1.5031887620811315,6,10,10
2893,1.380132622036722,1.5031887620811315,6,10,10
2894,1.380132622036722,1.5031887620811315,6,10,10
2895,1.380132622036722,1.5031887620811315,6,10,10
2896,1.380132622036722,1.5031887620811315,6,10,10
2897,1.380132622036722,1.5031887620811315,6,10,10
2898,1.380132622036722,1.5031887620811315,6,10,10
2899,1.380132622036722,1.5031887620811315,6,10,10
2900,1.380132622036722,1.5031887620811315,6,10,10
2901,1.380132622036722,1.5031887620811315,6,10,10
2902,1.380132622036722,1.5031887620811315,6,10,10
2903,1.380132622036722,1.5031887620811315,6,10,10
2904,1.380132622036722,1.5031887620811315,6,10,10
2905,1.380132622036722,1.5031887620811315,6,10,10
2906,1.380132622036722,1.5031887620811315,6,10,10
2907,1.380132622036722,1.5031887620811315,6,10,10
2908,1.380132622036722,1.5031887620811315,6,10,10
2909,1.380132622036722,1.5031887620811315,6,10,10
2910,1.380132622036722,1.5031887620811315,6,10,10
2911,1.380132622036722,1.5031887620811315,6,10,10
2912,1.380132622036722,1.5031887620811315,6,10,10
2913,1.380132622036722,1.5031887620811315,6,10,10
2914,1.380132622036722,1.5031887620811315,6,10,10
2915,1.380132622036722,1.5031887620811315,6,10,10
2916,1.380132622036722,1.5031887620811315,6,10,10
2917,1.380132622036722,1.5031887620811315,6,10,10
2918,1.380132622036722,1.5031887620811315,6,10,10
2919,1.380132622036722,1.5031887620811315,6,10,10
2920,1.380132622036722,1.5031887620811315,6,10,10
2921,1.380132622036722,1.5031887620811315,6,10,10
2922,1.380132622036722,1.5031887620811315,6,10,10
2923,1.380132622036722,1.5031887620811315,6,10,10
2924,1.380132622036722,1.5031887620811315,6,10,10
2925,1.380132622036722,1.5031887620811315,6,10,10
2926,1.380132622036722,1.5031887620811315,6,10,10
2927,1.380132622036722,1.5031887620811315,6,10,10
2928,1.380132622036722,1.5031887620811315,6,10,10
2929,1.380132622036722,1.5031887620811315,6,10,10
2930,1.380132622036722,1.5031887620811315,6,10,10
2931,1.380132622036722,1.5031887620811315,6,10,10
2932,1.380132622036722,1.5031887620811315,6,10,10
2933,1.380132622036722,1.5031887620811315,6,10,10
2934,1.380132622036722,1.5031887620811315,6,10,10
2935,1.380132622036722,1.5031887620811315,6,10,10
2936,1.380132622036722,1.5031887620811315,6,10,10
2937,1.380132622036722,1.5031887620811315,6,10,10
2938,1.380132622036722,1.5031887620811315,6,10,10
2939,1.380132622036722,1.5031887620811315,6,10,10
2940,1.380132622036722,1.5031887620811315,6,10,10
2941,1.380132622036722,1.5031887620811315,6,10,10
2942,1.380132622036722,1.5031887620811315,6,10,10
2943,1.380132622036722,1.5031887620811315,6,10,10
2944,1.380132622036722,1.5031887620811315,6,10,10
2945,1.380132622036722,1.5031887620811315,6,10,10
2946,1.380132622036722,1.5031887620811315,6,10,10
2947,1.380132622036722,1.5031887620811315,6,10,10
2948,1.380132622036722,1.5031887620811315,6,10,10
2949,1.380132622036722,1.5031887620811315,6,10,10
2950,1.380132622036722,1.5031887620811315,6,10,10
2951,1.380132622036722,1.5031887620811315,6,10,10
2952,1.380132622036722,1.5031887620811315,6,10,10
2953,1.380132622036722,1.5031887620811315,6,10,10
2954,1.380132622036722,1.5031887620811315,6,10,10
2955,1.380132622036722,1.5031887620811315,6,10,10
2956,1.380132622036722,1.5031887620811315,6,10,10
2957,1.380132622036722,1.5031887620811315,6,10,10
2958,1.380132622036722,1.5031887620811315,6,10,10
2959,1.380132622036722,1.5031887620811315,6,10,10
2960,1.380132622036722,1.5031887620811315,6,10,10
2961,1.380132622036722,1.5031887620811315,6,10,10
2962,1.380132622036722,1.5031887620811315,6,10,10
2963,1.380132622036722,1.5031887620811315,6,10,10
2964,1.380132622036722,1.5031887620811315,6,10,10
2965,1.380132622036722,1.5031887620811315,6,10,10
2966,1.380132622036722,1.5031887620811315,6,10,10
2967,1.380132622036722,1.5031887620811315,6,10,10
2968,1.380132622036722,1.5031887620811315,6,10,10
2969,1.380132622036722,1.5031887620811315,6,10,10
2970,1.380132622036722,1.5031887620811315,6,10,10
2971,1.380132622036722,1.5031887620811315,6,10,10
2972,1.380132622036722,1.5031887620811315,6,10,10
2973,1.380132622036722,1.5031887620811315,6,10,10
2974,1.380132622036722,1.5031887620811315,6,10,10
2975,1.380132622036722,1.5031887620811315,6,10,10
2976,1.380132622036722,1.5031887620811315,6,10,10
2977,1.380132622036722,1.5031887620811315,6,10,10
2978,1.380132622036722,1.5031887620811315,6,10,10
2979,1.380132622036722,1.5031887620811315,6,10,10
2980,1.380132622036722,1.5031887620811315,6,10,10
2981,1.380132622036722,1.5031887620811315,6,10,10
2982,1.380132622036722,1.5031887620811315,6,10,10
2983,1.380132622036722,1.5031887620811315,6,10,10
2984,1.380132622036722,1.5031887620811315,6,10,10
2985,1.380132622036722,1.5031887620811315,6,10,10
2986,1.380132622036722,1.5031887620811315,6,10,10
2987,1.380132622036722,1.5031887620811315,6,10,10
2988,1.380132622036722,1.5031887620811315,6,10,10
2989,1.380132622036722,1.5031887620811315,6,10,10
2990,1.380132622036722,1.5031887620811315,6,10,10
2991,1.380132622036722,1.5031887620811315,6,10,10
2992,1.380132622036722,1.5031887620811315,6,10,10
2993,1.380132622036722,1.5031887620811315,6,10,10
2994,1.380132622036722,1.5031887620811315,6,10,10
2995,1.380132622036722,1.5031887620811315,6,10,10
2996,1.380132622036722,1.5031887620811315,6,10,10
2997,1.380132622036722,1.5031887620811315,6,10,10
2998,1.380132622036722,1.5031887620811315,6,10,10
2999,1.380132622036722,1.5031887620811315,6,10,10
3000,1.380132622036722,1.5031887620811315,6,10,10
