No_gen, Best, MQ, No_clus, max_clus, min_clus
0,0.9610369847920116,1.025673678786112,3,20,20
1,0.9613133539471685,1.0506971365993754,3,30,10
2,0.9853192820065471,1.0881440730212764,6,33,2
3,0.9853192820065471,1.0881440730212764,6,33,2
4,1.1521788216488067,1.2661499577915278,6,22,2
5,1.1521788216488067,1.2661499577915278,6,22,2
6,1.1521788216488067,1.2661499577915278,6,22,2
7,1.1521788216488067,1.2661499577915278,6,22,2
8,1.1521788216488067,1.2661499577915278,6,22,2
9,1.1521788216488067,1.2661499577915278,6,22,2
10,1.1521788216488067,1.2661499577915278,6,22,2
11,1.1521788216488067,1.2661499577915278,6,22,2
12,1.1521788216488067,1.2661499577915278,6,22,2
13,1.1521788216488067,1.2661499577915278,6,22,2
14,1.1521788216488067,1.2661499577915278,6,22,2
15,1.1521788216488067,1.2661499577915278,6,22,2
16,1.1521788216488067,1.2661499577915278,6,22,2
17,1.1521788216488067,1.2661499577915278,6,22,2
18,1.1636796237490779,1.2842968252339264,6,27,3
19,1.1636796237490779,1.2842968252339264,6,27,3
20,1.1636796237490779,1.2842968252339264,6,27,3
21,1.1636796237490779,1.2842968252339264,6,27,3
22,1.1636796237490779,1.2842968252339264,6,27,3
23,1.1636796237490779,1.2842968252339264,6,27,3
24,1.1636796237490779,1.2842968252339264,6,27,3
25,1.1636796237490779,1.2842968252339264,6,27,3
26,1.1636796237490779,1.2842968252339264,6,27,3
27,1.1636796237490779,1.2842968252339264,6,27,3
28,1.1636796237490779,1.2842968252339264,6,27,3
29,1.1636796237490779,1.2842968252339264,6,27,3
30,1.1636796237490779,1.2842968252339264,6,27,3
31,1.1636796237490779,1.2842968252339264,6,27,3
32,1.1636796237490779,1.2842968252339264,6,27,3
33,1.1636796237490779,1.2842968252339264,6,27,3
34,1.1636796237490779,1.2842968252339264,6,27,3
35,1.1636796237490779,1.2842968252339264,6,27,3
36,1.1636796237490779,1.2842968252339264,6,27,3
37,1.1636796237490779,1.2842968252339264,6,27,3
38,1.1636796237490779,1.2842968252339264,6,27,3
39,1.1636796237490779,1.2842968252339264,6,27,3
40,1.1636796237490779,1.2842968252339264,6,27,3
41,1.1636796237490779,1.2842968252339264,6,27,3
42,1.1636796237490779,1.2842968252339264,6,27,3
43,1.1636796237490779,1.2842968252339264,6,27,3
44,1.1636796237490779,1.2842968252339264,6,27,3
45,1.1636796237490779,1.2842968252339264,6,27,3
46,1.1636796237490779,1.2842968252339264,6,27,3
47,1.1636796237490779,1.2842968252339264,6,27,3
48,1.1636796237490779,1.2842968252339264,6,27,3
49,1.1636796237490779,1.2842968252339264,6,27,3
50,1.1636796237490779,1.2842968252339264,6,27,3
51,1.1636796237490779,1.2842968252339264,6,27,3
52,1.1636796237490779,1.2842968252339264,6,27,3
53,1.1636796237490779,1.2842968252339264,6,27,3
54,1.1636796237490779,1.2842968252339264,6,27,3
55,1.1636796237490779,1.2842968252339264,6,27,3
56,1.1636796237490779,1.2842968252339264,6,27,3
57,1.1636796237490779,1.2842968252339264,6,27,3
58,1.1636796237490779,1.2842968252339264,6,27,3
59,1.1636796237490779,1.2842968252339264,6,27,3
60,1.1636796237490779,1.2842968252339264,6,27,3
61,1.1636796237490779,1.2842968252339264,6,27,3
62,1.1636796237490779,1.2842968252339264,6,27,3
63,1.1636796237490779,1.2842968252339264,6,27,3
64,1.1636796237490779,1.2842968252339264,6,27,3
65,1.1636796237490779,1.2842968252339264,6,27,3
66,1.1636796237490779,1.2842968252339264,6,27,3
67,1.1636796237490779,1.2842968252339264,6,27,3
68,1.1636796237490779,1.2842968252339264,6,27,3
69,1.1636796237490779,1.2842968252339264,6,27,3
70,1.1636796237490779,1.2842968252339264,6,27,3
71,1.1636796237490779,1.2842968252339264,6,27,3
72,1.247221625745147,1.3579873113488605,7,11,4
73,1.247221625745147,1.3579873113488605,7,11,4
74,1.247221625745147,1.3579873113488605,7,11,4
75,1.247221625745147,1.3579873113488605,7,11,4
76,1.247221625745147,1.3579873113488605,7,11,4
77,1.247221625745147,1.3579873113488605,7,11,4
78,1.247221625745147,1.3579873113488605,7,11,4
79,1.247221625745147,1.3579873113488605,7,11,4
80,1.247221625745147,1.3579873113488605,7,11,4
81,1.247221625745147,1.3579873113488605,7,11,4
82,1.247221625745147,1.3579873113488605,7,11,4
83,1.247221625745147,1.3579873113488605,7,11,4
84,1.247221625745147,1.3579873113488605,7,11,4
85,1.247221625745147,1.3579873113488605,7,11,4
86,1.247221625745147,1.3579873113488605,7,11,4
87,1.247221625745147,1.3579873113488605,7,11,4
88,1.247221625745147,1.3579873113488605,7,11,4
89,1.247221625745147,1.3579873113488605,7,11,4
90,1.247221625745147,1.3579873113488605,7,11,4
91,1.247221625745147,1.3579873113488605,7,11,4
92,1.247221625745147,1.3579873113488605,7,11,4
93,1.247221625745147,1.3579873113488605,7,11,4
94,1.247221625745147,1.3579873113488605,7,11,4
95,1.247221625745147,1.3579873113488605,7,11,4
96,1.247221625745147,1.3579873113488605,7,11,4
97,1.247221625745147,1.3579873113488605,7,11,4
98,1.247221625745147,1.3579873113488605,7,11,4
99,1.3409104041415092,1.4581523711127973,11,8,3
100,1.3409104041415092,1.4581523711127973,11,8,3
101,1.3409104041415092,1.4581523711127973,11,8,3
102,1.3409104041415092,1.4581523711127973,11,8,3
103,1.3409104041415092,1.4581523711127973,11,8,3
104,1.3409104041415092,1.4581523711127973,11,8,3
105,1.3409104041415092,1.4581523711127973,11,8,3
106,1.3409104041415092,1.4581523711127973,11,8,3
107,1.3409104041415092,1.4581523711127973,11,8,3
108,1.3409104041415092,1.4581523711127973,11,8,3
109,1.3409104041415092,1.4581523711127973,11,8,3
110,1.3409104041415092,1.4581523711127973,11,8,3
111,1.3409104041415092,1.4581523711127973,11,8,3
112,1.3409104041415092,1.4581523711127973,11,8,3
113,1.3409104041415092,1.4581523711127973,11,8,3
114,1.3409104041415092,1.4581523711127973,11,8,3
115,1.3409104041415092,1.4581523711127973,11,8,3
116,1.4148159760042398,1.5541312170742807,10,16,3
117,1.4148159760042398,1.5541312170742807,10,16,3
118,1.4148159760042398,1.5541312170742807,10,16,3
119,1.4148159760042398,1.5541312170742807,10,16,3
120,1.4148159760042398,1.5541312170742807,10,16,3
121,1.4148159760042398,1.5541312170742807,10,16,3
122,1.4148159760042398,1.5541312170742807,10,16,3
123,1.4148159760042398,1.5541312170742807,10,16,3
124,1.4148159760042398,1.5541312170742807,10,16,3
125,1.4866232854511072,1.6390536188641052,8,17,4
126,1.4866232854511072,1.6390536188641052,8,17,4
127,1.4866232854511072,1.6390536188641052,8,17,4
128,1.4866232854511072,1.6390536188641052,8,17,4
129,1.4866232854511072,1.6390536188641052,8,17,4
130,1.4866232854511072,1.6390536188641052,8,17,4
131,1.4866232854511072,1.6390536188641052,8,17,4
132,1.4866232854511072,1.6390536188641052,8,17,4
133,1.4866232854511072,1.6390536188641052,8,17,4
134,1.4866232854511072,1.6390536188641052,8,17,4
135,1.4866232854511072,1.6390536188641052,8,17,4
136,1.4866232854511072,1.6390536188641052,8,17,4
137,1.4866232854511072,1.6390536188641052,8,17,4
138,1.4866232854511072,1.6390536188641052,8,17,4
139,1.4866232854511072,1.6390536188641052,8,17,4
140,1.4866232854511072,1.6390536188641052,8,17,4
141,1.4866232854511072,1.6390536188641052,8,17,4
142,1.4866232854511072,1.6390536188641052,8,17,4
143,1.4866232854511072,1.6390536188641052,8,17,4
144,1.4866232854511072,1.6390536188641052,8,17,4
145,1.4866232854511072,1.6390536188641052,8,17,4
146,1.5140780213974332,1.6631663187344123,9,12,4
147,1.5140780213974332,1.6631663187344123,9,12,4
148,1.5140780213974332,1.6631663187344123,9,12,4
149,1.5140780213974332,1.6631663187344123,9,12,4
150,1.5140780213974332,1.6631663187344123,9,12,4
151,1.5140780213974332,1.6631663187344123,9,12,4
152,1.5140780213974332,1.6631663187344123,9,12,4
153,1.5140780213974332,1.6631663187344123,9,12,4
154,1.5140780213974332,1.6631663187344123,9,12,4
155,1.5140780213974332,1.6631663187344123,9,12,4
156,1.5140780213974332,1.6631663187344123,9,12,4
157,1.5140780213974332,1.6631663187344123,9,12,4
158,1.5140780213974332,1.6631663187344123,9,12,4
159,1.5140780213974332,1.6631663187344123,9,12,4
160,1.5140780213974332,1.6631663187344123,9,12,4
161,1.5140780213974332,1.6631663187344123,9,12,4
162,1.5140780213974332,1.6631663187344123,9,12,4
163,1.5140780213974332,1.6631663187344123,9,12,4
164,1.5140780213974332,1.6631663187344123,9,12,4
165,1.5140780213974332,1.6631663187344123,9,12,4
166,1.5140780213974332,1.6631663187344123,9,12,4
167,1.5140780213974332,1.6631663187344123,9,12,4
168,1.5140780213974332,1.6631663187344123,9,12,4
169,1.5140780213974332,1.6631663187344123,9,12,4
170,1.5140780213974332,1.6631663187344123,9,12,4
171,1.5140780213974332,1.6631663187344123,9,12,4
172,1.5140780213974332,1.6631663187344123,9,12,4
173,1.5140780213974332,1.6631663187344123,9,12,4
174,1.5140780213974332,1.6631663187344123,9,12,4
175,1.5140780213974332,1.6631663187344123,9,12,4
176,1.5140780213974332,1.6631663187344123,9,12,4
177,1.5140780213974332,1.6631663187344123,9,12,4
178,1.5140780213974332,1.6631663187344123,9,12,4
179,1.5140780213974332,1.6631663187344123,9,12,4
180,1.5140780213974332,1.6631663187344123,9,12,4
181,1.5140780213974332,1.6631663187344123,9,12,4
182,1.5140780213974332,1.6631663187344123,9,12,4
183,1.5140780213974332,1.6631663187344123,9,12,4
184,1.5140780213974332,1.6631663187344123,9,12,4
185,1.5140780213974332,1.6631663187344123,9,12,4
186,1.5140780213974332,1.6631663187344123,9,12,4
187,1.5140780213974332,1.6631663187344123,9,12,4
188,1.5140780213974332,1.6631663187344123,9,12,4
189,1.5140780213974332,1.6631663187344123,9,12,4
190,1.5140780213974332,1.6631663187344123,9,12,4
191,1.5140780213974332,1.6631663187344123,9,12,4
192,1.5140780213974332,1.6631663187344123,9,12,4
193,1.5140780213974332,1.6631663187344123,9,12,4
194,1.5140780213974332,1.6631663187344123,9,12,4
195,1.5140780213974332,1.6631663187344123,9,12,4
196,1.5140780213974332,1.6631663187344123,9,12,4
197,1.5140780213974332,1.6631663187344123,9,12,4
198,1.5140780213974332,1.6631663187344123,9,12,4
199,1.5140780213974332,1.6631663187344123,9,12,4
200,1.5140780213974332,1.6631663187344123,9,12,4
201,1.5140780213974332,1.6631663187344123,9,12,4
202,1.5140780213974332,1.6631663187344123,9,12,4
203,1.5140780213974332,1.6631663187344123,9,12,4
204,1.5140780213974332,1.6631663187344123,9,12,4
205,1.5140780213974332,1.6631663187344123,9,12,4
206,1.5140780213974332,1.6631663187344123,9,12,4
207,1.5140780213974332,1.6631663187344123,9,12,4
208,1.5140780213974332,1.6631663187344123,9,12,4
209,1.5140780213974332,1.6631663187344123,9,12,4
210,1.5140780213974332,1.6631663187344123,9,12,4
211,1.5140780213974332,1.6631663187344123,9,12,4
212,1.5140780213974332,1.6631663187344123,9,12,4
213,1.5140780213974332,1.6631663187344123,9,12,4
214,1.5140780213974332,1.6631663187344123,9,12,4
215,1.5140780213974332,1.6631663187344123,9,12,4
216,1.5140780213974332,1.6631663187344123,9,12,4
217,1.5140780213974332,1.6631663187344123,9,12,4
218,1.5140780213974332,1.6631663187344123,9,12,4
219,1.5140780213974332,1.6631663187344123,9,12,4
220,1.5140780213974332,1.6631663187344123,9,12,4
221,1.5140780213974332,1.6631663187344123,9,12,4
222,1.5140780213974332,1.6631663187344123,9,12,4
223,1.5140780213974332,1.6631663187344123,9,12,4
224,1.5140780213974332,1.6631663187344123,9,12,4
225,1.5140780213974332,1.6631663187344123,9,12,4
226,1.5140780213974332,1.6631663187344123,9,12,4
227,1.5140780213974332,1.6631663187344123,9,12,4
228,1.5140780213974332,1.6631663187344123,9,12,4
229,1.5140780213974332,1.6631663187344123,9,12,4
230,1.5140780213974332,1.6631663187344123,9,12,4
231,1.5140780213974332,1.6631663187344123,9,12,4
232,1.5140780213974332,1.6631663187344123,9,12,4
233,1.5140780213974332,1.6631663187344123,9,12,4
234,1.5140780213974332,1.6631663187344123,9,12,4
235,1.5140780213974332,1.6631663187344123,9,12,4
236,1.5140780213974332,1.6631663187344123,9,12,4
237,1.5140780213974332,1.6631663187344123,9,12,4
238,1.5140780213974332,1.6631663187344123,9,12,4
239,1.5140780213974332,1.6631663187344123,9,12,4
240,1.5140780213974332,1.6631663187344123,9,12,4
241,1.5140780213974332,1.6631663187344123,9,12,4
242,1.5140780213974332,1.6631663187344123,9,12,4
243,1.5140780213974332,1.6631663187344123,9,12,4
244,1.5140780213974332,1.6631663187344123,9,12,4
245,1.5140780213974332,1.6631663187344123,9,12,4
246,1.5140780213974332,1.6631663187344123,9,12,4
247,1.5140780213974332,1.6631663187344123,9,12,4
248,1.5140780213974332,1.6631663187344123,9,12,4
249,1.5140780213974332,1.6631663187344123,9,12,4
250,1.5140780213974332,1.6631663187344123,9,12,4
251,1.5140780213974332,1.6631663187344123,9,12,4
252,1.5140780213974332,1.6631663187344123,9,12,4
253,1.5140780213974332,1.6631663187344123,9,12,4
254,1.5140780213974332,1.6631663187344123,9,12,4
255,1.5140780213974332,1.6631663187344123,9,12,4
256,1.5140780213974332,1.6631663187344123,9,12,4
257,1.5140780213974332,1.6631663187344123,9,12,4
258,1.5140780213974332,1.6631663187344123,9,12,4
259,1.5140780213974332,1.6631663187344123,9,12,4
260,1.5140780213974332,1.6631663187344123,9,12,4
261,1.5140780213974332,1.6631663187344123,9,12,4
262,1.5140780213974332,1.6631663187344123,9,12,4
263,1.5140780213974332,1.6631663187344123,9,12,4
264,1.5140780213974332,1.6631663187344123,9,12,4
265,1.5140780213974332,1.6631663187344123,9,12,4
266,1.5140780213974332,1.6631663187344123,9,12,4
267,1.5140780213974332,1.6631663187344123,9,12,4
268,1.5140780213974332,1.6631663187344123,9,12,4
269,1.5140780213974332,1.6631663187344123,9,12,4
270,1.5140780213974332,1.6631663187344123,9,12,4
271,1.5140780213974332,1.6631663187344123,9,12,4
272,1.5140780213974332,1.6631663187344123,9,12,4
273,1.5140780213974332,1.6631663187344123,9,12,4
274,1.5140780213974332,1.6631663187344123,9,12,4
275,1.5140780213974332,1.6631663187344123,9,12,4
276,1.5140780213974332,1.6631663187344123,9,12,4
277,1.5140780213974332,1.6631663187344123,9,12,4
278,1.5140780213974332,1.6631663187344123,9,12,4
279,1.5140780213974332,1.6631663187344123,9,12,4
280,1.5140780213974332,1.6631663187344123,9,12,4
281,1.5140780213974332,1.6631663187344123,9,12,4
282,1.5140780213974332,1.6631663187344123,9,12,4
283,1.5140780213974332,1.6631663187344123,9,12,4
284,1.5140780213974332,1.6631663187344123,9,12,4
285,1.5140780213974332,1.6631663187344123,9,12,4
286,1.5140780213974332,1.6631663187344123,9,12,4
287,1.5140780213974332,1.6631663187344123,9,12,4
288,1.5140780213974332,1.6631663187344123,9,12,4
289,1.5140780213974332,1.6631663187344123,9,12,4
290,1.5140780213974332,1.6631663187344123,9,12,4
291,1.5140780213974332,1.6631663187344123,9,12,4
292,1.5140780213974332,1.6631663187344123,9,12,4
293,1.5140780213974332,1.6631663187344123,9,12,4
294,1.5140780213974332,1.6631663187344123,9,12,4
295,1.5140780213974332,1.6631663187344123,9,12,4
296,1.5140780213974332,1.6631663187344123,9,12,4
297,1.5140780213974332,1.6631663187344123,9,12,4
298,1.5140780213974332,1.6631663187344123,9,12,4
299,1.5140780213974332,1.6631663187344123,9,12,4
300,1.5140780213974332,1.6631663187344123,9,12,4
301,1.5140780213974332,1.6631663187344123,9,12,4
302,1.5140780213974332,1.6631663187344123,9,12,4
303,1.5140780213974332,1.6631663187344123,9,12,4
304,1.5140780213974332,1.6631663187344123,9,12,4
305,1.5140780213974332,1.6631663187344123,9,12,4
306,1.5140780213974332,1.6631663187344123,9,12,4
307,1.5140780213974332,1.6631663187344123,9,12,4
308,1.5140780213974332,1.6631663187344123,9,12,4
309,1.5140780213974332,1.6631663187344123,9,12,4
310,1.5140780213974332,1.6631663187344123,9,12,4
311,1.5140780213974332,1.6631663187344123,9,12,4
312,1.5140780213974332,1.6631663187344123,9,12,4
313,1.5140780213974332,1.6631663187344123,9,12,4
314,1.5140780213974332,1.6631663187344123,9,12,4
315,1.5140780213974332,1.6631663187344123,9,12,4
316,1.5140780213974332,1.6631663187344123,9,12,4
317,1.5140780213974332,1.6631663187344123,9,12,4
318,1.5140780213974332,1.6631663187344123,9,12,4
319,1.5140780213974332,1.6631663187344123,9,12,4
320,1.5140780213974332,1.6631663187344123,9,12,4
321,1.5140780213974332,1.6631663187344123,9,12,4
322,1.5140780213974332,1.6631663187344123,9,12,4
323,1.5140780213974332,1.6631663187344123,9,12,4
324,1.5140780213974332,1.6631663187344123,9,12,4
325,1.5140780213974332,1.6631663187344123,9,12,4
326,1.5140780213974332,1.6631663187344123,9,12,4
327,1.5140780213974332,1.6631663187344123,9,12,4
328,1.5140780213974332,1.6631663187344123,9,12,4
329,1.5140780213974332,1.6631663187344123,9,12,4
330,1.5140780213974332,1.6631663187344123,9,12,4
331,1.5140780213974332,1.6631663187344123,9,12,4
332,1.5140780213974332,1.6631663187344123,9,12,4
333,1.5140780213974332,1.6631663187344123,9,12,4
334,1.5140780213974332,1.6631663187344123,9,12,4
335,1.5140780213974332,1.6631663187344123,9,12,4
336,1.5140780213974332,1.6631663187344123,9,12,4
337,1.5140780213974332,1.6631663187344123,9,12,4
338,1.5140780213974332,1.6631663187344123,9,12,4
339,1.5140780213974332,1.6631663187344123,9,12,4
340,1.5140780213974332,1.6631663187344123,9,12,4
341,1.5140780213974332,1.6631663187344123,9,12,4
342,1.5140780213974332,1.6631663187344123,9,12,4
343,1.5140780213974332,1.6631663187344123,9,12,4
344,1.5140780213974332,1.6631663187344123,9,12,4
345,1.5140780213974332,1.6631663187344123,9,12,4
346,1.5140780213974332,1.6631663187344123,9,12,4
347,1.5140780213974332,1.6631663187344123,9,12,4
348,1.5140780213974332,1.6631663187344123,9,12,4
349,1.5140780213974332,1.6631663187344123,9,12,4
350,1.5140780213974332,1.6631663187344123,9,12,4
351,1.5140780213974332,1.6631663187344123,9,12,4
352,1.5140780213974332,1.6631663187344123,9,12,4
353,1.5140780213974332,1.6631663187344123,9,12,4
354,1.5140780213974332,1.6631663187344123,9,12,4
355,1.5140780213974332,1.6631663187344123,9,12,4
356,1.5140780213974332,1.6631663187344123,9,12,4
357,1.5140780213974332,1.6631663187344123,9,12,4
358,1.5140780213974332,1.6631663187344123,9,12,4
359,1.5140780213974332,1.6631663187344123,9,12,4
360,1.5140780213974332,1.6631663187344123,9,12,4
361,1.5140780213974332,1.6631663187344123,9,12,4
362,1.5140780213974332,1.6631663187344123,9,12,4
363,1.5140780213974332,1.6631663187344123,9,12,4
364,1.5140780213974332,1.6631663187344123,9,12,4
365,1.5140780213974332,1.6631663187344123,9,12,4
366,1.5140780213974332,1.6631663187344123,9,12,4
367,1.5140780213974332,1.6631663187344123,9,12,4
368,1.5140780213974332,1.6631663187344123,9,12,4
369,1.5140780213974332,1.6631663187344123,9,12,4
370,1.5140780213974332,1.6631663187344123,9,12,4
371,1.5140780213974332,1.6631663187344123,9,12,4
372,1.5140780213974332,1.6631663187344123,9,12,4
373,1.5140780213974332,1.6631663187344123,9,12,4
374,1.5140780213974332,1.6631663187344123,9,12,4
375,1.5140780213974332,1.6631663187344123,9,12,4
376,1.5140780213974332,1.6631663187344123,9,12,4
377,1.5140780213974332,1.6631663187344123,9,12,4
378,1.5140780213974332,1.6631663187344123,9,12,4
379,1.5140780213974332,1.6631663187344123,9,12,4
380,1.5140780213974332,1.6631663187344123,9,12,4
381,1.5140780213974332,1.6631663187344123,9,12,4
382,1.5140780213974332,1.6631663187344123,9,12,4
383,1.5140780213974332,1.6631663187344123,9,12,4
384,1.5140780213974332,1.6631663187344123,9,12,4
385,1.5140780213974332,1.6631663187344123,9,12,4
386,1.5140780213974332,1.6631663187344123,9,12,4
387,1.5140780213974332,1.6631663187344123,9,12,4
388,1.5140780213974332,1.6631663187344123,9,12,4
389,1.5140780213974332,1.6631663187344123,9,12,4
390,1.5140780213974332,1.6631663187344123,9,12,4
391,1.5140780213974332,1.6631663187344123,9,12,4
392,1.5140780213974332,1.6631663187344123,9,12,4
393,1.5140780213974332,1.6631663187344123,9,12,4
394,1.5140780213974332,1.6631663187344123,9,12,4
395,1.5140780213974332,1.6631663187344123,9,12,4
396,1.5140780213974332,1.6631663187344123,9,12,4
397,1.5140780213974332,1.6631663187344123,9,12,4
398,1.5140780213974332,1.6631663187344123,9,12,4
399,1.5140780213974332,1.6631663187344123,9,12,4
400,1.5140780213974332,1.6631663187344123,9,12,4
401,1.5140780213974332,1.6631663187344123,9,12,4
402,1.5140780213974332,1.6631663187344123,9,12,4
403,1.5140780213974332,1.6631663187344123,9,12,4
404,1.5140780213974332,1.6631663187344123,9,12,4
405,1.5140780213974332,1.6631663187344123,9,12,4
406,1.5140780213974332,1.6631663187344123,9,12,4
407,1.5140780213974332,1.6631663187344123,9,12,4
408,1.5140780213974332,1.6631663187344123,9,12,4
409,1.5140780213974332,1.6631663187344123,9,12,4
410,1.5140780213974332,1.6631663187344123,9,12,4
411,1.5140780213974332,1.6631663187344123,9,12,4
412,1.5140780213974332,1.6631663187344123,9,12,4
413,1.5140780213974332,1.6631663187344123,9,12,4
414,1.5140780213974332,1.6631663187344123,9,12,4
415,1.5140780213974332,1.6631663187344123,9,12,4
416,1.5140780213974332,1.6631663187344123,9,12,4
417,1.5140780213974332,1.6631663187344123,9,12,4
418,1.5140780213974332,1.6631663187344123,9,12,4
419,1.5140780213974332,1.6631663187344123,9,12,4
420,1.5140780213974332,1.6631663187344123,9,12,4
421,1.5140780213974332,1.6631663187344123,9,12,4
422,1.5140780213974332,1.6631663187344123,9,12,4
423,1.5140780213974332,1.6631663187344123,9,12,4
424,1.5140780213974332,1.6631663187344123,9,12,4
425,1.5140780213974332,1.6631663187344123,9,12,4
426,1.5140780213974332,1.6631663187344123,9,12,4
427,1.5140780213974332,1.6631663187344123,9,12,4
428,1.5140780213974332,1.6631663187344123,9,12,4
429,1.5140780213974332,1.6631663187344123,9,12,4
430,1.5140780213974332,1.6631663187344123,9,12,4
431,1.5140780213974332,1.6631663187344123,9,12,4
432,1.5140780213974332,1.6631663187344123,9,12,4
433,1.5140780213974332,1.6631663187344123,9,12,4
434,1.5140780213974332,1.6631663187344123,9,12,4
435,1.5140780213974332,1.6631663187344123,9,12,4
436,1.5140780213974332,1.6631663187344123,9,12,4
437,1.5140780213974332,1.6631663187344123,9,12,4
438,1.5140780213974332,1.6631663187344123,9,12,4
439,1.5140780213974332,1.6631663187344123,9,12,4
440,1.5140780213974332,1.6631663187344123,9,12,4
441,1.5140780213974332,1.6631663187344123,9,12,4
442,1.5140780213974332,1.6631663187344123,9,12,4
443,1.5140780213974332,1.6631663187344123,9,12,4
444,1.5140780213974332,1.6631663187344123,9,12,4
445,1.5140780213974332,1.6631663187344123,9,12,4
446,1.5140780213974332,1.6631663187344123,9,12,4
447,1.5140780213974332,1.6631663187344123,9,12,4
448,1.5140780213974332,1.6631663187344123,9,12,4
449,1.5140780213974332,1.6631663187344123,9,12,4
450,1.5140780213974332,1.6631663187344123,9,12,4
451,1.5140780213974332,1.6631663187344123,9,12,4
452,1.5140780213974332,1.6631663187344123,9,12,4
453,1.5140780213974332,1.6631663187344123,9,12,4
454,1.5140780213974332,1.6631663187344123,9,12,4
455,1.5140780213974332,1.6631663187344123,9,12,4
456,1.5140780213974332,1.6631663187344123,9,12,4
457,1.5140780213974332,1.6631663187344123,9,12,4
458,1.5140780213974332,1.6631663187344123,9,12,4
459,1.5140780213974332,1.6631663187344123,9,12,4
460,1.5140780213974332,1.6631663187344123,9,12,4
461,1.5140780213974332,1.6631663187344123,9,12,4
462,1.5140780213974332,1.6631663187344123,9,12,4
463,1.5140780213974332,1.6631663187344123,9,12,4
464,1.5140780213974332,1.6631663187344123,9,12,4
465,1.5140780213974332,1.6631663187344123,9,12,4
466,1.5140780213974332,1.6631663187344123,9,12,4
467,1.5140780213974332,1.6631663187344123,9,12,4
468,1.5140780213974332,1.6631663187344123,9,12,4
469,1.5140780213974332,1.6631663187344123,9,12,4
470,1.5140780213974332,1.6631663187344123,9,12,4
471,1.5140780213974332,1.6631663187344123,9,12,4
472,1.5140780213974332,1.6631663187344123,9,12,4
473,1.5140780213974332,1.6631663187344123,9,12,4
474,1.5140780213974332,1.6631663187344123,9,12,4
475,1.5140780213974332,1.6631663187344123,9,12,4
476,1.5140780213974332,1.6631663187344123,9,12,4
477,1.5140780213974332,1.6631663187344123,9,12,4
478,1.5140780213974332,1.6631663187344123,9,12,4
479,1.5140780213974332,1.6631663187344123,9,12,4
480,1.5140780213974332,1.6631663187344123,9,12,4
481,1.5140780213974332,1.6631663187344123,9,12,4
482,1.5140780213974332,1.6631663187344123,9,12,4
483,1.5140780213974332,1.6631663187344123,9,12,4
484,1.5140780213974332,1.6631663187344123,9,12,4
485,1.5140780213974332,1.6631663187344123,9,12,4
486,1.5140780213974332,1.6631663187344123,9,12,4
487,1.5140780213974332,1.6631663187344123,9,12,4
488,1.5140780213974332,1.6631663187344123,9,12,4
489,1.5140780213974332,1.6631663187344123,9,12,4
490,1.5140780213974332,1.6631663187344123,9,12,4
491,1.5140780213974332,1.6631663187344123,9,12,4
492,1.5140780213974332,1.6631663187344123,9,12,4
493,1.5140780213974332,1.6631663187344123,9,12,4
494,1.5140780213974332,1.6631663187344123,9,12,4
495,1.5140780213974332,1.6631663187344123,9,12,4
496,1.5140780213974332,1.6631663187344123,9,12,4
497,1.5140780213974332,1.6631663187344123,9,12,4
498,1.5140780213974332,1.6631663187344123,9,12,4
499,1.5140780213974332,1.6631663187344123,9,12,4
500,1.5140780213974332,1.6631663187344123,9,12,4
501,1.5140780213974332,1.6631663187344123,9,12,4
502,1.5140780213974332,1.6631663187344123,9,12,4
503,1.5140780213974332,1.6631663187344123,9,12,4
504,1.5140780213974332,1.6631663187344123,9,12,4
505,1.5140780213974332,1.6631663187344123,9,12,4
506,1.5140780213974332,1.6631663187344123,9,12,4
507,1.5140780213974332,1.6631663187344123,9,12,4
508,1.5140780213974332,1.6631663187344123,9,12,4
509,1.5140780213974332,1.6631663187344123,9,12,4
510,1.5140780213974332,1.6631663187344123,9,12,4
511,1.5140780213974332,1.6631663187344123,9,12,4
512,1.5140780213974332,1.6631663187344123,9,12,4
513,1.5140780213974332,1.6631663187344123,9,12,4
514,1.5140780213974332,1.6631663187344123,9,12,4
515,1.5140780213974332,1.6631663187344123,9,12,4
516,1.5140780213974332,1.6631663187344123,9,12,4
517,1.5140780213974332,1.6631663187344123,9,12,4
518,1.5140780213974332,1.6631663187344123,9,12,4
519,1.5140780213974332,1.6631663187344123,9,12,4
520,1.5140780213974332,1.6631663187344123,9,12,4
521,1.5140780213974332,1.6631663187344123,9,12,4
522,1.5140780213974332,1.6631663187344123,9,12,4
523,1.5140780213974332,1.6631663187344123,9,12,4
524,1.5140780213974332,1.6631663187344123,9,12,4
525,1.5140780213974332,1.6631663187344123,9,12,4
526,1.5140780213974332,1.6631663187344123,9,12,4
527,1.5140780213974332,1.6631663187344123,9,12,4
528,1.5140780213974332,1.6631663187344123,9,12,4
529,1.5140780213974332,1.6631663187344123,9,12,4
530,1.5140780213974332,1.6631663187344123,9,12,4
531,1.5140780213974332,1.6631663187344123,9,12,4
532,1.5140780213974332,1.6631663187344123,9,12,4
533,1.5140780213974332,1.6631663187344123,9,12,4
534,1.5140780213974332,1.6631663187344123,9,12,4
535,1.5140780213974332,1.6631663187344123,9,12,4
536,1.5239350514533534,1.6707786045402448,10,10,4
537,1.5239350514533534,1.6707786045402448,10,10,4
538,1.5239350514533534,1.6707786045402448,10,10,4
539,1.5239350514533534,1.6707786045402448,10,10,4
540,1.5239350514533534,1.6707786045402448,10,10,4
541,1.5239350514533534,1.6707786045402448,10,10,4
542,1.5239350514533534,1.6707786045402448,10,10,4
543,1.5239350514533534,1.6707786045402448,10,10,4
544,1.5239350514533534,1.6707786045402448,10,10,4
545,1.5239350514533534,1.6707786045402448,10,10,4
546,1.5239350514533534,1.6707786045402448,10,10,4
547,1.5239350514533534,1.6707786045402448,10,10,4
548,1.5239350514533534,1.6707786045402448,10,10,4
549,1.5239350514533534,1.6707786045402448,10,10,4
550,1.5239350514533534,1.6707786045402448,10,10,4
551,1.5239350514533534,1.6707786045402448,10,10,4
552,1.5239350514533534,1.6707786045402448,10,10,4
553,1.5239350514533534,1.6707786045402448,10,10,4
554,1.5239350514533534,1.6707786045402448,10,10,4
555,1.5239350514533534,1.6707786045402448,10,10,4
556,1.5239350514533534,1.6707786045402448,10,10,4
557,1.5239350514533534,1.6707786045402448,10,10,4
558,1.5239350514533534,1.6707786045402448,10,10,4
559,1.5239350514533534,1.6707786045402448,10,10,4
560,1.5239350514533534,1.6707786045402448,10,10,4
561,1.5239350514533534,1.6707786045402448,10,10,4
562,1.5239350514533534,1.6707786045402448,10,10,4
563,1.5239350514533534,1.6707786045402448,10,10,4
564,1.5689788609491888,1.7150877245942042,14,6,2
565,1.5689788609491888,1.7150877245942042,14,6,2
566,1.5689788609491888,1.7150877245942042,14,6,2
567,1.5689788609491888,1.7150877245942042,14,6,2
568,1.5689788609491888,1.7150877245942042,14,6,2
569,1.5689788609491888,1.7150877245942042,14,6,2
570,1.5689788609491888,1.7150877245942042,14,6,2
571,1.5689788609491888,1.7150877245942042,14,6,2
572,1.5689788609491888,1.7150877245942042,14,6,2
573,1.5689788609491888,1.7150877245942042,14,6,2
574,1.5689788609491888,1.7150877245942042,14,6,2
575,1.5689788609491888,1.7150877245942042,14,6,2
576,1.5689788609491888,1.7150877245942042,14,6,2
577,1.5689788609491888,1.7150877245942042,14,6,2
578,1.5689788609491888,1.7150877245942042,14,6,2
579,1.5689788609491888,1.7150877245942042,14,6,2
580,1.5689788609491888,1.7150877245942042,14,6,2
581,1.5689788609491888,1.7150877245942042,14,6,2
582,1.5689788609491888,1.7150877245942042,14,6,2
583,1.5689788609491888,1.7150877245942042,14,6,2
584,1.5689788609491888,1.7150877245942042,14,6,2
585,1.5689788609491888,1.7150877245942042,14,6,2
586,1.5689788609491888,1.7150877245942042,14,6,2
587,1.5689788609491888,1.7150877245942042,14,6,2
588,1.5689788609491888,1.7150877245942042,14,6,2
589,1.5689788609491888,1.7150877245942042,14,6,2
590,1.5689788609491888,1.7150877245942042,14,6,2
591,1.5689788609491888,1.7150877245942042,14,6,2
592,1.5689788609491888,1.7150877245942042,14,6,2
593,1.5689788609491888,1.7150877245942042,14,6,2
594,1.5689788609491888,1.7150877245942042,14,6,2
595,1.5689788609491888,1.7150877245942042,14,6,2
596,1.5689788609491888,1.7150877245942042,14,6,2
597,1.5689788609491888,1.7150877245942042,14,6,2
598,1.5689788609491888,1.7150877245942042,14,6,2
599,1.5689788609491888,1.7150877245942042,14,6,2
600,1.5689788609491888,1.7150877245942042,14,6,2
601,1.5689788609491888,1.7150877245942042,14,6,2
602,1.5689788609491888,1.7150877245942042,14,6,2
603,1.5689788609491888,1.7150877245942042,14,6,2
604,1.5689788609491888,1.7150877245942042,14,6,2
605,1.5900153110039181,1.7417131611412313,12,7,3
606,1.5900153110039181,1.7417131611412313,12,7,3
607,1.5900153110039181,1.7417131611412313,12,7,3
608,1.5900153110039181,1.7417131611412313,12,7,3
609,1.5900153110039181,1.7417131611412313,12,7,3
610,1.5900153110039181,1.7417131611412313,12,7,3
611,1.5900153110039181,1.7417131611412313,12,7,3
612,1.5900153110039181,1.7417131611412313,12,7,3
613,1.5900153110039181,1.7417131611412313,12,7,3
614,1.5900153110039181,1.7417131611412313,12,7,3
615,1.5900153110039181,1.7417131611412313,12,7,3
616,1.5900153110039181,1.7417131611412313,12,7,3
617,1.5900153110039181,1.7417131611412313,12,7,3
618,1.5900153110039181,1.7417131611412313,12,7,3
619,1.5900153110039181,1.7417131611412313,12,7,3
620,1.5900153110039181,1.7417131611412313,12,7,3
621,1.5900153110039181,1.7417131611412313,12,7,3
622,1.5900153110039181,1.7417131611412313,12,7,3
623,1.5900153110039181,1.7417131611412313,12,7,3
624,1.5900153110039181,1.7417131611412313,12,7,3
625,1.5900153110039181,1.7417131611412313,12,7,3
626,1.5900153110039181,1.7417131611412313,12,7,3
627,1.5900153110039181,1.7417131611412313,12,7,3
628,1.5900153110039181,1.7417131611412313,12,7,3
629,1.5900153110039181,1.7417131611412313,12,7,3
630,1.5900153110039181,1.7417131611412313,12,7,3
631,1.5900153110039181,1.7417131611412313,12,7,3
632,1.5900153110039181,1.7417131611412313,12,7,3
633,1.5900153110039181,1.7417131611412313,12,7,3
634,1.5900153110039181,1.7417131611412313,12,7,3
635,1.5900153110039181,1.7417131611412313,12,7,3
636,1.5900153110039181,1.7417131611412313,12,7,3
637,1.5900153110039181,1.7417131611412313,12,7,3
638,1.5900153110039181,1.7417131611412313,12,7,3
639,1.5900153110039181,1.7417131611412313,12,7,3
640,1.5900153110039181,1.7417131611412313,12,7,3
641,1.5900153110039181,1.7417131611412313,12,7,3
642,1.5900153110039181,1.7417131611412313,12,7,3
643,1.5900153110039181,1.7417131611412313,12,7,3
644,1.5900153110039181,1.7417131611412313,12,7,3
645,1.5900153110039181,1.7417131611412313,12,7,3
646,1.5900153110039181,1.7417131611412313,12,7,3
647,1.5900153110039181,1.7417131611412313,12,7,3
648,1.5900153110039181,1.7417131611412313,12,7,3
649,1.5900153110039181,1.7417131611412313,12,7,3
650,1.5900153110039181,1.7417131611412313,12,7,3
651,1.5900153110039181,1.7417131611412313,12,7,3
652,1.5900153110039181,1.7417131611412313,12,7,3
653,1.5900153110039181,1.7417131611412313,12,7,3
654,1.5900153110039181,1.7417131611412313,12,7,3
655,1.5900153110039181,1.7417131611412313,12,7,3
656,1.5900153110039181,1.7417131611412313,12,7,3
657,1.5900153110039181,1.7417131611412313,12,7,3
658,1.5900153110039181,1.7417131611412313,12,7,3
659,1.5900153110039181,1.7417131611412313,12,7,3
660,1.5900153110039181,1.7417131611412313,12,7,3
661,1.5900153110039181,1.7417131611412313,12,7,3
662,1.5900153110039181,1.7417131611412313,12,7,3
663,1.5900153110039181,1.7417131611412313,12,7,3
664,1.5900153110039181,1.7417131611412313,12,7,3
665,1.5900153110039181,1.7417131611412313,12,7,3
666,1.5900153110039181,1.7417131611412313,12,7,3
667,1.5900153110039181,1.7417131611412313,12,7,3
668,1.5900153110039181,1.7417131611412313,12,7,3
669,1.5900153110039181,1.7417131611412313,12,7,3
670,1.5900153110039181,1.7417131611412313,12,7,3
671,1.5900153110039181,1.7417131611412313,12,7,3
672,1.5900153110039181,1.7417131611412313,12,7,3
673,1.5900153110039181,1.7417131611412313,12,7,3
674,1.5900153110039181,1.7417131611412313,12,7,3
675,1.5900153110039181,1.7417131611412313,12,7,3
676,1.5900153110039181,1.7417131611412313,12,7,3
677,1.5900153110039181,1.7417131611412313,12,7,3
678,1.5900153110039181,1.7417131611412313,12,7,3
679,1.5900153110039181,1.7417131611412313,12,7,3
680,1.5900153110039181,1.7417131611412313,12,7,3
681,1.5900153110039181,1.7417131611412313,12,7,3
682,1.5900153110039181,1.7417131611412313,12,7,3
683,1.5900153110039181,1.7417131611412313,12,7,3
684,1.5900153110039181,1.7417131611412313,12,7,3
685,1.5900153110039181,1.7417131611412313,12,7,3
686,1.5900153110039181,1.7417131611412313,12,7,3
687,1.5900153110039181,1.7417131611412313,12,7,3
688,1.5900153110039181,1.7417131611412313,12,7,3
689,1.5900153110039181,1.7417131611412313,12,7,3
690,1.5900153110039181,1.7417131611412313,12,7,3
691,1.5900153110039181,1.7417131611412313,12,7,3
692,1.5900153110039181,1.7417131611412313,12,7,3
693,1.5900153110039181,1.7417131611412313,12,7,3
694,1.5900153110039181,1.7417131611412313,12,7,3
695,1.5900153110039181,1.7417131611412313,12,7,3
696,1.5900153110039181,1.7417131611412313,12,7,3
697,1.5900153110039181,1.7417131611412313,12,7,3
698,1.5900153110039181,1.7417131611412313,12,7,3
699,1.5900153110039181,1.7417131611412313,12,7,3
700,1.5900153110039181,1.7417131611412313,12,7,3
701,1.5900153110039181,1.7417131611412313,12,7,3
702,1.5900153110039181,1.7417131611412313,12,7,3
703,1.5900153110039181,1.7417131611412313,12,7,3
704,1.5900153110039181,1.7417131611412313,12,7,3
705,1.5900153110039181,1.7417131611412313,12,7,3
706,1.5900153110039181,1.7417131611412313,12,7,3
707,1.5900153110039181,1.7417131611412313,12,7,3
708,1.5900153110039181,1.7417131611412313,12,7,3
709,1.5900153110039181,1.7417131611412313,12,7,3
710,1.5900153110039181,1.7417131611412313,12,7,3
711,1.5900153110039181,1.7417131611412313,12,7,3
712,1.5900153110039181,1.7417131611412313,12,7,3
713,1.5900153110039181,1.7417131611412313,12,7,3
714,1.5900153110039181,1.7417131611412313,12,7,3
715,1.5900153110039181,1.7417131611412313,12,7,3
716,1.5900153110039181,1.7417131611412313,12,7,3
717,1.5900153110039181,1.7417131611412313,12,7,3
718,1.5900153110039181,1.7417131611412313,12,7,3
719,1.5900153110039181,1.7417131611412313,12,7,3
720,1.5900153110039181,1.7417131611412313,12,7,3
721,1.5900153110039181,1.7417131611412313,12,7,3
722,1.5900153110039181,1.7417131611412313,12,7,3
723,1.5900153110039181,1.7417131611412313,12,7,3
724,1.5900153110039181,1.7417131611412313,12,7,3
725,1.5900153110039181,1.7417131611412313,12,7,3
726,1.5900153110039181,1.7417131611412313,12,7,3
727,1.5900153110039181,1.7417131611412313,12,7,3
728,1.5900153110039181,1.7417131611412313,12,7,3
729,1.5900153110039181,1.7417131611412313,12,7,3
730,1.5900153110039181,1.7417131611412313,12,7,3
731,1.5900153110039181,1.7417131611412313,12,7,3
732,1.5900153110039181,1.7417131611412313,12,7,3
733,1.5900153110039181,1.7417131611412313,12,7,3
734,1.5900153110039181,1.7417131611412313,12,7,3
735,1.5900153110039181,1.7417131611412313,12,7,3
736,1.5900153110039181,1.7417131611412313,12,7,3
737,1.5900153110039181,1.7417131611412313,12,7,3
738,1.5900153110039181,1.7417131611412313,12,7,3
739,1.5900153110039181,1.7417131611412313,12,7,3
740,1.5900153110039181,1.7417131611412313,12,7,3
741,1.5900153110039181,1.7417131611412313,12,7,3
742,1.5900153110039181,1.7417131611412313,12,7,3
743,1.5900153110039181,1.7417131611412313,12,7,3
744,1.5900153110039181,1.7417131611412313,12,7,3
745,1.5900153110039181,1.7417131611412313,12,7,3
746,1.5900153110039181,1.7417131611412313,12,7,3
747,1.5900153110039181,1.7417131611412313,12,7,3
748,1.5900153110039181,1.7417131611412313,12,7,3
749,1.5900153110039181,1.7417131611412313,12,7,3
750,1.5900153110039181,1.7417131611412313,12,7,3
751,1.5900153110039181,1.7417131611412313,12,7,3
752,1.5900153110039181,1.7417131611412313,12,7,3
753,1.5900153110039181,1.7417131611412313,12,7,3
754,1.5900153110039181,1.7417131611412313,12,7,3
755,1.5900153110039181,1.7417131611412313,12,7,3
756,1.5900153110039181,1.7417131611412313,12,7,3
757,1.5900153110039181,1.7417131611412313,12,7,3
758,1.5900153110039181,1.7417131611412313,12,7,3
759,1.5900153110039181,1.7417131611412313,12,7,3
760,1.5900153110039181,1.7417131611412313,12,7,3
761,1.5900153110039181,1.7417131611412313,12,7,3
762,1.5900153110039181,1.7417131611412313,12,7,3
763,1.5900153110039181,1.7417131611412313,12,7,3
764,1.5900153110039181,1.7417131611412313,12,7,3
765,1.5900153110039181,1.7417131611412313,12,7,3
766,1.5900153110039181,1.7417131611412313,12,7,3
767,1.5900153110039181,1.7417131611412313,12,7,3
768,1.5900153110039181,1.7417131611412313,12,7,3
769,1.5900153110039181,1.7417131611412313,12,7,3
770,1.5900153110039181,1.7417131611412313,12,7,3
771,1.5900153110039181,1.7417131611412313,12,7,3
772,1.5900153110039181,1.7417131611412313,12,7,3
773,1.5900153110039181,1.7417131611412313,12,7,3
774,1.5900153110039181,1.7417131611412313,12,7,3
775,1.5900153110039181,1.7417131611412313,12,7,3
776,1.5900153110039181,1.7417131611412313,12,7,3
777,1.5900153110039181,1.7417131611412313,12,7,3
778,1.5900153110039181,1.7417131611412313,12,7,3
779,1.5900153110039181,1.7417131611412313,12,7,3
780,1.5900153110039181,1.7417131611412313,12,7,3
781,1.5900153110039181,1.7417131611412313,12,7,3
782,1.5900153110039181,1.7417131611412313,12,7,3
783,1.5900153110039181,1.7417131611412313,12,7,3
784,1.5900153110039181,1.7417131611412313,12,7,3
785,1.5900153110039181,1.7417131611412313,12,7,3
786,1.5900153110039181,1.7417131611412313,12,7,3
787,1.6337203212238478,1.7869556347610702,15,5,2
788,1.6337203212238478,1.7869556347610702,15,5,2
789,1.6337203212238478,1.7869556347610702,15,5,2
790,1.6337203212238478,1.7869556347610702,15,5,2
791,1.6337203212238478,1.7869556347610702,15,5,2
792,1.639618695270632,1.7937283644511186,15,5,2
793,1.639618695270632,1.7937283644511186,15,5,2
794,1.6795953245195578,1.837160386180483,16,4,2
795,1.6795953245195578,1.837160386180483,16,4,2
796,1.6795953245195578,1.837160386180483,16,4,2
797,1.6795953245195578,1.837160386180483,16,4,2
798,1.6795953245195578,1.837160386180483,16,4,2
799,1.6795953245195578,1.837160386180483,16,4,2
800,1.6795953245195578,1.837160386180483,16,4,2
801,1.6795953245195578,1.837160386180483,16,4,2
802,1.6795953245195578,1.837160386180483,16,4,2
803,1.6795953245195578,1.837160386180483,16,4,2
804,1.6795953245195578,1.837160386180483,16,4,2
805,1.6795953245195578,1.837160386180483,16,4,2
806,1.6795953245195578,1.837160386180483,16,4,2
807,1.6795953245195578,1.837160386180483,16,4,2
808,1.6795953245195578,1.837160386180483,16,4,2
809,1.6795953245195578,1.837160386180483,16,4,2
810,1.6795953245195578,1.837160386180483,16,4,2
811,1.6795953245195578,1.837160386180483,16,4,2
812,1.6795953245195578,1.837160386180483,16,4,2
813,1.6795953245195578,1.837160386180483,16,4,2
814,1.6795953245195578,1.837160386180483,16,4,2
815,1.6795953245195578,1.837160386180483,16,4,2
816,1.6795953245195578,1.837160386180483,16,4,2
817,1.6795953245195578,1.837160386180483,16,4,2
818,1.6986426754522284,1.8602665600386787,15,5,3
819,1.6986426754522284,1.8602665600386787,15,5,3
820,1.6986426754522284,1.8602665600386787,15,5,3
821,1.6986426754522284,1.8602665600386787,15,5,3
822,1.6986426754522284,1.8602665600386787,15,5,3
823,1.6986426754522284,1.8602665600386787,15,5,3
824,1.6986426754522284,1.8602665600386787,15,5,3
825,1.6986426754522284,1.8602665600386787,15,5,3
826,1.6986426754522284,1.8602665600386787,15,5,3
827,1.6986426754522284,1.8602665600386787,15,5,3
828,1.6986426754522284,1.8602665600386787,15,5,3
829,1.6986426754522284,1.8602665600386787,15,5,3
830,1.6986426754522284,1.8602665600386787,15,5,3
831,1.6986426754522284,1.8602665600386787,15,5,3
832,1.6986426754522284,1.8602665600386787,15,5,3
833,1.6986426754522284,1.8602665600386787,15,5,3
834,1.6986426754522284,1.8602665600386787,15,5,3
835,1.6986426754522284,1.8602665600386787,15,5,3
836,1.6986426754522284,1.8602665600386787,15,5,3
837,1.6986426754522284,1.8602665600386787,15,5,3
838,1.6986426754522284,1.8602665600386787,15,5,3
839,1.6986426754522284,1.8602665600386787,15,5,3
840,1.6986426754522284,1.8602665600386787,15,5,3
841,1.6986426754522284,1.8602665600386787,15,5,3
842,1.6986426754522284,1.8602665600386787,15,5,3
843,1.6986426754522284,1.8602665600386787,15,5,3
844,1.6986426754522284,1.8602665600386787,15,5,3
845,1.6986426754522284,1.8602665600386787,15,5,3
846,1.6986426754522284,1.8602665600386787,15,5,3
847,1.6986426754522284,1.8602665600386787,15,5,3
848,1.6986426754522284,1.8602665600386787,15,5,3
849,1.6986426754522284,1.8602665600386787,15,5,3
850,1.6986426754522284,1.8602665600386787,15,5,3
851,1.6986426754522284,1.8602665600386787,15,5,3
852,1.6986426754522284,1.8602665600386787,15,5,3
853,1.6986426754522284,1.8602665600386787,15,5,3
854,1.6986426754522284,1.8602665600386787,15,5,3
855,1.6986426754522284,1.8602665600386787,15,5,3
856,1.6986426754522284,1.8602665600386787,15,5,3
857,1.6986426754522284,1.8602665600386787,15,5,3
858,1.6986426754522284,1.8602665600386787,15,5,3
859,1.6986426754522284,1.8602665600386787,15,5,3
860,1.6986426754522284,1.8602665600386787,15,5,3
861,1.6986426754522284,1.8602665600386787,15,5,3
862,1.6986426754522284,1.8602665600386787,15,5,3
863,1.6986426754522284,1.8602665600386787,15,5,3
864,1.6986426754522284,1.8602665600386787,15,5,3
865,1.6986426754522284,1.8602665600386787,15,5,3
866,1.6986426754522284,1.8602665600386787,15,5,3
867,1.6986426754522284,1.8602665600386787,15,5,3
868,1.6986426754522284,1.8602665600386787,15,5,3
869,1.6986426754522284,1.8602665600386787,15,5,3
870,1.6986426754522284,1.8602665600386787,15,5,3
871,1.6986426754522284,1.8602665600386787,15,5,3
872,1.6986426754522284,1.8602665600386787,15,5,3
873,1.6986426754522284,1.8602665600386787,15,5,3
874,1.6986426754522284,1.8602665600386787,15,5,3
875,1.6986426754522284,1.8602665600386787,15,5,3
876,1.6986426754522284,1.8602665600386787,15,5,3
877,1.6986426754522284,1.8602665600386787,15,5,3
878,1.6986426754522284,1.8602665600386787,15,5,3
879,1.6986426754522284,1.8602665600386787,15,5,3
880,1.6986426754522284,1.8602665600386787,15,5,3
881,1.6986426754522284,1.8602665600386787,15,5,3
882,1.6986426754522284,1.8602665600386787,15,5,3
883,1.6986426754522284,1.8602665600386787,15,5,3
884,1.6986426754522284,1.8602665600386787,15,5,3
885,1.6986426754522284,1.8602665600386787,15,5,3
886,1.6986426754522284,1.8602665600386787,15,5,3
887,1.6986426754522284,1.8602665600386787,15,5,3
888,1.6986426754522284,1.8602665600386787,15,5,3
889,1.6986426754522284,1.8602665600386787,15,5,3
890,1.6986426754522284,1.8602665600386787,15,5,3
891,1.6986426754522284,1.8602665600386787,15,5,3
892,1.6986426754522284,1.8602665600386787,15,5,3
893,1.6986426754522284,1.8602665600386787,15,5,3
894,1.6986426754522284,1.8602665600386787,15,5,3
895,1.6986426754522284,1.8602665600386787,15,5,3
896,1.6986426754522284,1.8602665600386787,15,5,3
897,1.6986426754522284,1.8602665600386787,15,5,3
898,1.6986426754522284,1.8602665600386787,15,5,3
899,1.6986426754522284,1.8602665600386787,15,5,3
900,1.6986426754522284,1.8602665600386787,15,5,3
901,1.6986426754522284,1.8602665600386787,15,5,3
902,1.6986426754522284,1.8602665600386787,15,5,3
903,1.6986426754522284,1.8602665600386787,15,5,3
904,1.6986426754522284,1.8602665600386787,15,5,3
905,1.6986426754522284,1.8602665600386787,15,5,3
906,1.6986426754522284,1.8602665600386787,15,5,3
907,1.6986426754522284,1.8602665600386787,15,5,3
908,1.6986426754522284,1.8602665600386787,15,5,3
909,1.6986426754522284,1.8602665600386787,15,5,3
910,1.6986426754522284,1.8602665600386787,15,5,3
911,1.6986426754522284,1.8602665600386787,15,5,3
912,1.6986426754522284,1.8602665600386787,15,5,3
913,1.6986426754522284,1.8602665600386787,15,5,3
914,1.6986426754522284,1.8602665600386787,15,5,3
915,1.6986426754522284,1.8602665600386787,15,5,3
916,1.6986426754522284,1.8602665600386787,15,5,3
917,1.6986426754522284,1.8602665600386787,15,5,3
918,1.6986426754522284,1.8602665600386787,15,5,3
919,1.6986426754522284,1.8602665600386787,15,5,3
920,1.6986426754522284,1.8602665600386787,15,5,3
921,1.6986426754522284,1.8602665600386787,15,5,3
922,1.6986426754522284,1.8602665600386787,15,5,3
923,1.6986426754522284,1.8602665600386787,15,5,3
924,1.6986426754522284,1.8602665600386787,15,5,3
925,1.6986426754522284,1.8602665600386787,15,5,3
926,1.6986426754522284,1.8602665600386787,15,5,3
927,1.6986426754522284,1.8602665600386787,15,5,3
928,1.6986426754522284,1.8602665600386787,15,5,3
929,1.7104116018728557,1.8737800735521923,15,5,3
930,1.7104116018728557,1.8737800735521923,15,5,3
931,1.7104116018728557,1.8737800735521923,15,5,3
932,1.7104116018728557,1.8737800735521923,15,5,3
933,1.7104116018728557,1.8737800735521923,15,5,3
934,1.7104116018728557,1.8737800735521923,15,5,3
935,1.7104116018728557,1.8737800735521923,15,5,3
936,1.7104116018728557,1.8737800735521923,15,5,3
937,1.7104116018728557,1.8737800735521923,15,5,3
938,1.7104116018728557,1.8737800735521923,15,5,3
939,1.7104116018728557,1.8737800735521923,15,5,3
940,1.7104116018728557,1.8737800735521923,15,5,3
941,1.7104116018728557,1.8737800735521923,15,5,3
942,1.7104116018728557,1.8737800735521923,15,5,3
943,1.7104116018728557,1.8737800735521923,15,5,3
944,1.7104116018728557,1.8737800735521923,15,5,3
945,1.7104116018728557,1.8737800735521923,15,5,3
946,1.7104116018728557,1.8737800735521923,15,5,3
947,1.7104116018728557,1.8737800735521923,15,5,3
948,1.7104116018728557,1.8737800735521923,15,5,3
949,1.7104116018728557,1.8737800735521923,15,5,3
950,1.7104116018728557,1.8737800735521923,15,5,3
951,1.7104116018728557,1.8737800735521923,15,5,3
952,1.7104116018728557,1.8737800735521923,15,5,3
953,1.7104116018728557,1.8737800735521923,15,5,3
954,1.7104116018728557,1.8737800735521923,15,5,3
955,1.7104116018728557,1.8737800735521923,15,5,3
956,1.7104116018728557,1.8737800735521923,15,5,3
957,1.7104116018728557,1.8737800735521923,15,5,3
958,1.7104116018728557,1.8737800735521923,15,5,3
959,1.7104116018728557,1.8737800735521923,15,5,3
960,1.7104116018728557,1.8737800735521923,15,5,3
961,1.7104116018728557,1.8737800735521923,15,5,3
962,1.7104116018728557,1.8737800735521923,15,5,3
963,1.7104116018728557,1.8737800735521923,15,5,3
964,1.7104116018728557,1.8737800735521923,15,5,3
965,1.7104116018728557,1.8737800735521923,15,5,3
966,1.7104116018728557,1.8737800735521923,15,5,3
967,1.7104116018728557,1.8737800735521923,15,5,3
968,1.7104116018728557,1.8737800735521923,15,5,3
969,1.7104116018728557,1.8737800735521923,15,5,3
970,1.7104116018728557,1.8737800735521923,15,5,3
971,1.7104116018728557,1.8737800735521923,15,5,3
972,1.7104116018728557,1.8737800735521923,15,5,3
973,1.7104116018728557,1.8737800735521923,15,5,3
974,1.7104116018728557,1.8737800735521923,15,5,3
975,1.7104116018728557,1.8737800735521923,15,5,3
976,1.7104116018728557,1.8737800735521923,15,5,3
977,1.7104116018728557,1.8737800735521923,15,5,3
978,1.7104116018728557,1.8737800735521923,15,5,3
979,1.7104116018728557,1.8737800735521923,15,5,3
980,1.7104116018728557,1.8737800735521923,15,5,3
981,1.7104116018728557,1.8737800735521923,15,5,3
982,1.7104116018728557,1.8737800735521923,15,5,3
983,1.7104116018728557,1.8737800735521923,15,5,3
984,1.7104116018728557,1.8737800735521923,15,5,3
985,1.7104116018728557,1.8737800735521923,15,5,3
986,1.7104116018728557,1.8737800735521923,15,5,3
987,1.7104116018728557,1.8737800735521923,15,5,3
988,1.7104116018728557,1.8737800735521923,15,5,3
989,1.7104116018728557,1.8737800735521923,15,5,3
990,1.7104116018728557,1.8737800735521923,15,5,3
991,1.7104116018728557,1.8737800735521923,15,5,3
992,1.7104116018728557,1.8737800735521923,15,5,3
993,1.7104116018728557,1.8737800735521923,15,5,3
994,1.7104116018728557,1.8737800735521923,15,5,3
995,1.7104116018728557,1.8737800735521923,15,5,3
996,1.7104116018728557,1.8737800735521923,15,5,3
997,1.7104116018728557,1.8737800735521923,15,5,3
998,1.7104116018728557,1.8737800735521923,15,5,3
999,1.7104116018728557,1.8737800735521923,15,5,3
1000,1.7104116018728557,1.8737800735521923,15,5,3
1001,1.7104116018728557,1.8737800735521923,15,5,3
1002,1.7104116018728557,1.8737800735521923,15,5,3
1003,1.7104116018728557,1.8737800735521923,15,5,3
1004,1.7104116018728557,1.8737800735521923,15,5,3
1005,1.7104116018728557,1.8737800735521923,15,5,3
1006,1.7104116018728557,1.8737800735521923,15,5,3
1007,1.7104116018728557,1.8737800735521923,15,5,3
1008,1.7104116018728557,1.8737800735521923,15,5,3
1009,1.7104116018728557,1.8737800735521923,15,5,3
1010,1.7104116018728557,1.8737800735521923,15,5,3
1011,1.7104116018728557,1.8737800735521923,15,5,3
1012,1.7104116018728557,1.8737800735521923,15,5,3
1013,1.7104116018728557,1.8737800735521923,15,5,3
1014,1.7104116018728557,1.8737800735521923,15,5,3
1015,1.7104116018728557,1.8737800735521923,15,5,3
1016,1.7163630603212892,1.8806137567016648,15,5,3
1017,1.7163630603212892,1.8806137567016648,15,5,3
1018,1.7163630603212892,1.8806137567016648,15,5,3
1019,1.7163630603212892,1.8806137567016648,15,5,3
1020,1.7163630603212892,1.8806137567016648,15,5,3
1021,1.7163630603212892,1.8806137567016648,15,5,3
1022,1.7163630603212892,1.8806137567016648,15,5,3
1023,1.7163630603212892,1.8806137567016648,15,5,3
1024,1.7163630603212892,1.8806137567016648,15,5,3
1025,1.7163630603212892,1.8806137567016648,15,5,3
1026,1.7163630603212892,1.8806137567016648,15,5,3
1027,1.7163630603212892,1.8806137567016648,15,5,3
1028,1.7163630603212892,1.8806137567016648,15,5,3
1029,1.7163630603212892,1.8806137567016648,15,5,3
1030,1.7163630603212892,1.8806137567016648,15,5,3
1031,1.7163630603212892,1.8806137567016648,15,5,3
1032,1.7163630603212892,1.8806137567016648,15,5,3
1033,1.7163630603212892,1.8806137567016648,15,5,3
1034,1.7163630603212892,1.8806137567016648,15,5,3
1035,1.7163630603212892,1.8806137567016648,15,5,3
1036,1.7163630603212892,1.8806137567016648,15,5,3
1037,1.7163630603212892,1.8806137567016648,15,5,3
1038,1.7163630603212892,1.8806137567016648,15,5,3
1039,1.7163630603212892,1.8806137567016648,15,5,3
1040,1.7163630603212892,1.8806137567016648,15,5,3
1041,1.7163630603212892,1.8806137567016648,15,5,3
1042,1.7163630603212892,1.8806137567016648,15,5,3
1043,1.7163630603212892,1.8806137567016648,15,5,3
1044,1.7163630603212892,1.8806137567016648,15,5,3
1045,1.7163630603212892,1.8806137567016648,15,5,3
1046,1.7163630603212892,1.8806137567016648,15,5,3
1047,1.7163630603212892,1.8806137567016648,15,5,3
1048,1.7163630603212892,1.8806137567016648,15,5,3
1049,1.7163630603212892,1.8806137567016648,15,5,3
1050,1.7163630603212892,1.8806137567016648,15,5,3
1051,1.7163630603212892,1.8806137567016648,15,5,3
1052,1.7163630603212892,1.8806137567016648,15,5,3
1053,1.7163630603212892,1.8806137567016648,15,5,3
1054,1.7163630603212892,1.8806137567016648,15,5,3
1055,1.7163630603212892,1.8806137567016648,15,5,3
1056,1.7163630603212892,1.8806137567016648,15,5,3
1057,1.7163630603212892,1.8806137567016648,15,5,3
1058,1.7163630603212892,1.8806137567016648,15,5,3
1059,1.7163630603212892,1.8806137567016648,15,5,3
1060,1.7163630603212892,1.8806137567016648,15,5,3
1061,1.7163630603212892,1.8806137567016648,15,5,3
1062,1.7163630603212892,1.8806137567016648,15,5,3
1063,1.7163630603212892,1.8806137567016648,15,5,3
1064,1.7163630603212892,1.8806137567016648,15,5,3
1065,1.7163630603212892,1.8806137567016648,15,5,3
1066,1.7163630603212892,1.8806137567016648,15,5,3
1067,1.7163630603212892,1.8806137567016648,15,5,3
1068,1.7163630603212892,1.8806137567016648,15,5,3
1069,1.7163630603212892,1.8806137567016648,15,5,3
1070,1.7163630603212892,1.8806137567016648,15,5,3
1071,1.7163630603212892,1.8806137567016648,15,5,3
1072,1.7163630603212892,1.8806137567016648,15,5,3
1073,1.7163630603212892,1.8806137567016648,15,5,3
1074,1.7163630603212892,1.8806137567016648,15,5,3
1075,1.7163630603212892,1.8806137567016648,15,5,3
1076,1.7163630603212892,1.8806137567016648,15,5,3
1077,1.7163630603212892,1.8806137567016648,15,5,3
1078,1.7163630603212892,1.8806137567016648,15,5,3
1079,1.7163630603212892,1.8806137567016648,15,5,3
1080,1.7163630603212892,1.8806137567016648,15,5,3
1081,1.7163630603212892,1.8806137567016648,15,5,3
1082,1.7163630603212892,1.8806137567016648,15,5,3
1083,1.7163630603212892,1.8806137567016648,15,5,3
1084,1.7163630603212892,1.8806137567016648,15,5,3
1085,1.7163630603212892,1.8806137567016648,15,5,3
1086,1.7163630603212892,1.8806137567016648,15,5,3
1087,1.7163630603212892,1.8806137567016648,15,5,3
1088,1.7163630603212892,1.8806137567016648,15,5,3
1089,1.7163630603212892,1.8806137567016648,15,5,3
1090,1.7163630603212892,1.8806137567016648,15,5,3
1091,1.7163630603212892,1.8806137567016648,15,5,3
1092,1.7163630603212892,1.8806137567016648,15,5,3
1093,1.7163630603212892,1.8806137567016648,15,5,3
1094,1.7163630603212892,1.8806137567016648,15,5,3
1095,1.7163630603212892,1.8806137567016648,15,5,3
1096,1.7163630603212892,1.8806137567016648,15,5,3
1097,1.7163630603212892,1.8806137567016648,15,5,3
1098,1.7163630603212892,1.8806137567016648,15,5,3
1099,1.7163630603212892,1.8806137567016648,15,5,3
1100,1.7163630603212892,1.8806137567016648,15,5,3
1101,1.7163630603212892,1.8806137567016648,15,5,3
1102,1.7163630603212892,1.8806137567016648,15,5,3
1103,1.7163630603212892,1.8806137567016648,15,5,3
1104,1.7163630603212892,1.8806137567016648,15,5,3
1105,1.7163630603212892,1.8806137567016648,15,5,3
1106,1.7163630603212892,1.8806137567016648,15,5,3
1107,1.7163630603212892,1.8806137567016648,15,5,3
1108,1.7163630603212892,1.8806137567016648,15,5,3
1109,1.7163630603212892,1.8806137567016648,15,5,3
1110,1.7163630603212892,1.8806137567016648,15,5,3
1111,1.7163630603212892,1.8806137567016648,15,5,3
1112,1.7163630603212892,1.8806137567016648,15,5,3
1113,1.7163630603212892,1.8806137567016648,15,5,3
1114,1.7163630603212892,1.8806137567016648,15,5,3
1115,1.7163630603212892,1.8806137567016648,15,5,3
1116,1.7163630603212892,1.8806137567016648,15,5,3
1117,1.7163630603212892,1.8806137567016648,15,5,3
1118,1.7163630603212892,1.8806137567016648,15,5,3
1119,1.7163630603212892,1.8806137567016648,15,5,3
1120,1.7163630603212892,1.8806137567016648,15,5,3
1121,1.7163630603212892,1.8806137567016648,15,5,3
1122,1.7163630603212892,1.8806137567016648,15,5,3
1123,1.7163630603212892,1.8806137567016648,15,5,3
1124,1.7163630603212892,1.8806137567016648,15,5,3
1125,1.7163630603212892,1.8806137567016648,15,5,3
1126,1.7163630603212892,1.8806137567016648,15,5,3
1127,1.7163630603212892,1.8806137567016648,15,5,3
1128,1.7163630603212892,1.8806137567016648,15,5,3
1129,1.7163630603212892,1.8806137567016648,15,5,3
1130,1.7163630603212892,1.8806137567016648,15,5,3
1131,1.7163630603212892,1.8806137567016648,15,5,3
1132,1.7163630603212892,1.8806137567016648,15,5,3
1133,1.7163630603212892,1.8806137567016648,15,5,3
1134,1.7163630603212892,1.8806137567016648,15,5,3
1135,1.7163630603212892,1.8806137567016648,15,5,3
1136,1.7163630603212892,1.8806137567016648,15,5,3
1137,1.7163630603212892,1.8806137567016648,15,5,3
1138,1.7163630603212892,1.8806137567016648,15,5,3
1139,1.7163630603212892,1.8806137567016648,15,5,3
1140,1.7163630603212892,1.8806137567016648,15,5,3
1141,1.7163630603212892,1.8806137567016648,15,5,3
1142,1.7163630603212892,1.8806137567016648,15,5,3
1143,1.7163630603212892,1.8806137567016648,15,5,3
1144,1.7163630603212892,1.8806137567016648,15,5,3
1145,1.7163630603212892,1.8806137567016648,15,5,3
1146,1.7163630603212892,1.8806137567016648,15,5,3
1147,1.7163630603212892,1.8806137567016648,15,5,3
1148,1.7163630603212892,1.8806137567016648,15,5,3
1149,1.7163630603212892,1.8806137567016648,15,5,3
1150,1.7163630603212892,1.8806137567016648,15,5,3
1151,1.7163630603212892,1.8806137567016648,15,5,3
1152,1.7163630603212892,1.8806137567016648,15,5,3
1153,1.7163630603212892,1.8806137567016648,15,5,3
1154,1.7163630603212892,1.8806137567016648,15,5,3
1155,1.7163630603212892,1.8806137567016648,15,5,3
1156,1.7163630603212892,1.8806137567016648,15,5,3
1157,1.7163630603212892,1.8806137567016648,15,5,3
1158,1.7163630603212892,1.8806137567016648,15,5,3
1159,1.7163630603212892,1.8806137567016648,15,5,3
1160,1.7163630603212892,1.8806137567016648,15,5,3
1161,1.7163630603212892,1.8806137567016648,15,5,3
1162,1.7163630603212892,1.8806137567016648,15,5,3
1163,1.7163630603212892,1.8806137567016648,15,5,3
1164,1.7163630603212892,1.8806137567016648,15,5,3
1165,1.7163630603212892,1.8806137567016648,15,5,3
1166,1.7163630603212892,1.8806137567016648,15,5,3
1167,1.7163630603212892,1.8806137567016648,15,5,3
1168,1.7163630603212892,1.8806137567016648,15,5,3
1169,1.7163630603212892,1.8806137567016648,15,5,3
1170,1.7163630603212892,1.8806137567016648,15,5,3
1171,1.7163630603212892,1.8806137567016648,15,5,3
1172,1.7163630603212892,1.8806137567016648,15,5,3
1173,1.7163630603212892,1.8806137567016648,15,5,3
1174,1.7163630603212892,1.8806137567016648,15,5,3
1175,1.7163630603212892,1.8806137567016648,15,5,3
1176,1.7163630603212892,1.8806137567016648,15,5,3
1177,1.7163630603212892,1.8806137567016648,15,5,3
1178,1.7163630603212892,1.8806137567016648,15,5,3
1179,1.7163630603212892,1.8806137567016648,15,5,3
1180,1.7163630603212892,1.8806137567016648,15,5,3
1181,1.7163630603212892,1.8806137567016648,15,5,3
1182,1.7163630603212892,1.8806137567016648,15,5,3
1183,1.7163630603212892,1.8806137567016648,15,5,3
1184,1.7163630603212892,1.8806137567016648,15,5,3
1185,1.7163630603212892,1.8806137567016648,15,5,3
1186,1.7163630603212892,1.8806137567016648,15,5,3
1187,1.7163630603212892,1.8806137567016648,15,5,3
1188,1.7163630603212892,1.8806137567016648,15,5,3
1189,1.7163630603212892,1.8806137567016648,15,5,3
1190,1.7163630603212892,1.8806137567016648,15,5,3
1191,1.7163630603212892,1.8806137567016648,15,5,3
1192,1.7163630603212892,1.8806137567016648,15,5,3
1193,1.7163630603212892,1.8806137567016648,15,5,3
1194,1.7163630603212892,1.8806137567016648,15,5,3
1195,1.7163630603212892,1.8806137567016648,15,5,3
1196,1.7163630603212892,1.8806137567016648,15,5,3
1197,1.7163630603212892,1.8806137567016648,15,5,3
1198,1.7163630603212892,1.8806137567016648,15,5,3
1199,1.7163630603212892,1.8806137567016648,15,5,3
1200,1.7163630603212892,1.8806137567016648,15,5,3
1201,1.7163630603212892,1.8806137567016648,15,5,3
1202,1.7163630603212892,1.8806137567016648,15,5,3
1203,1.7163630603212892,1.8806137567016648,15,5,3
1204,1.7163630603212892,1.8806137567016648,15,5,3
1205,1.7163630603212892,1.8806137567016648,15,5,3
1206,1.7163630603212892,1.8806137567016648,15,5,3
1207,1.7163630603212892,1.8806137567016648,15,5,3
1208,1.7163630603212892,1.8806137567016648,15,5,3
1209,1.7163630603212892,1.8806137567016648,15,5,3
1210,1.7163630603212892,1.8806137567016648,15,5,3
1211,1.7163630603212892,1.8806137567016648,15,5,3
1212,1.7163630603212892,1.8806137567016648,15,5,3
1213,1.7163630603212892,1.8806137567016648,15,5,3
1214,1.7163630603212892,1.8806137567016648,15,5,3
1215,1.7163630603212892,1.8806137567016648,15,5,3
1216,1.7163630603212892,1.8806137567016648,15,5,3
1217,1.7163630603212892,1.8806137567016648,15,5,3
1218,1.7163630603212892,1.8806137567016648,15,5,3
1219,1.7163630603212892,1.8806137567016648,15,5,3
1220,1.7163630603212892,1.8806137567016648,15,5,3
1221,1.7163630603212892,1.8806137567016648,15,5,3
1222,1.7163630603212892,1.8806137567016648,15,5,3
1223,1.7163630603212892,1.8806137567016648,15,5,3
1224,1.7163630603212892,1.8806137567016648,15,5,3
1225,1.7163630603212892,1.8806137567016648,15,5,3
1226,1.7163630603212892,1.8806137567016648,15,5,3
1227,1.7163630603212892,1.8806137567016648,15,5,3
1228,1.7163630603212892,1.8806137567016648,15,5,3
1229,1.7163630603212892,1.8806137567016648,15,5,3
1230,1.7163630603212892,1.8806137567016648,15,5,3
1231,1.7163630603212892,1.8806137567016648,15,5,3
1232,1.7163630603212892,1.8806137567016648,15,5,3
1233,1.7163630603212892,1.8806137567016648,15,5,3
1234,1.7163630603212892,1.8806137567016648,15,5,3
1235,1.7163630603212892,1.8806137567016648,15,5,3
1236,1.7163630603212892,1.8806137567016648,15,5,3
1237,1.7163630603212892,1.8806137567016648,15,5,3
1238,1.7163630603212892,1.8806137567016648,15,5,3
1239,1.7163630603212892,1.8806137567016648,15,5,3
1240,1.7163630603212892,1.8806137567016648,15,5,3
1241,1.7163630603212892,1.8806137567016648,15,5,3
1242,1.7163630603212892,1.8806137567016648,15,5,3
1243,1.7163630603212892,1.8806137567016648,15,5,3
1244,1.7163630603212892,1.8806137567016648,15,5,3
1245,1.7163630603212892,1.8806137567016648,15,5,3
1246,1.7163630603212892,1.8806137567016648,15,5,3
1247,1.7163630603212892,1.8806137567016648,15,5,3
1248,1.7163630603212892,1.8806137567016648,15,5,3
1249,1.7163630603212892,1.8806137567016648,15,5,3
1250,1.7163630603212892,1.8806137567016648,15,5,3
1251,1.7163630603212892,1.8806137567016648,15,5,3
1252,1.7163630603212892,1.8806137567016648,15,5,3
1253,1.7163630603212892,1.8806137567016648,15,5,3
1254,1.7163630603212892,1.8806137567016648,15,5,3
1255,1.7163630603212892,1.8806137567016648,15,5,3
1256,1.7163630603212892,1.8806137567016648,15,5,3
1257,1.7163630603212892,1.8806137567016648,15,5,3
1258,1.7163630603212892,1.8806137567016648,15,5,3
1259,1.7163630603212892,1.8806137567016648,15,5,3
1260,1.7163630603212892,1.8806137567016648,15,5,3
1261,1.7163630603212892,1.8806137567016648,15,5,3
1262,1.7163630603212892,1.8806137567016648,15,5,3
1263,1.7163630603212892,1.8806137567016648,15,5,3
1264,1.7163630603212892,1.8806137567016648,15,5,3
1265,1.7163630603212892,1.8806137567016648,15,5,3
1266,1.7163630603212892,1.8806137567016648,15,5,3
1267,1.7163630603212892,1.8806137567016648,15,5,3
1268,1.7163630603212892,1.8806137567016648,15,5,3
1269,1.7163630603212892,1.8806137567016648,15,5,3
1270,1.7163630603212892,1.8806137567016648,15,5,3
1271,1.7163630603212892,1.8806137567016648,15,5,3
1272,1.7163630603212892,1.8806137567016648,15,5,3
1273,1.7163630603212892,1.8806137567016648,15,5,3
1274,1.7163630603212892,1.8806137567016648,15,5,3
1275,1.7163630603212892,1.8806137567016648,15,5,3
1276,1.7163630603212892,1.8806137567016648,15,5,3
1277,1.7163630603212892,1.8806137567016648,15,5,3
1278,1.7163630603212892,1.8806137567016648,15,5,3
1279,1.7163630603212892,1.8806137567016648,15,5,3
1280,1.7163630603212892,1.8806137567016648,15,5,3
1281,1.7163630603212892,1.8806137567016648,15,5,3
1282,1.7163630603212892,1.8806137567016648,15,5,3
1283,1.7163630603212892,1.8806137567016648,15,5,3
1284,1.7163630603212892,1.8806137567016648,15,5,3
1285,1.7163630603212892,1.8806137567016648,15,5,3
1286,1.7163630603212892,1.8806137567016648,15,5,3
1287,1.7163630603212892,1.8806137567016648,15,5,3
1288,1.7163630603212892,1.8806137567016648,15,5,3
1289,1.7163630603212892,1.8806137567016648,15,5,3
1290,1.7163630603212892,1.8806137567016648,15,5,3
1291,1.7163630603212892,1.8806137567016648,15,5,3
1292,1.7163630603212892,1.8806137567016648,15,5,3
1293,1.7163630603212892,1.8806137567016648,15,5,3
1294,1.7163630603212892,1.8806137567016648,15,5,3
1295,1.7163630603212892,1.8806137567016648,15,5,3
1296,1.7163630603212892,1.8806137567016648,15,5,3
1297,1.7163630603212892,1.8806137567016648,15,5,3
1298,1.7163630603212892,1.8806137567016648,15,5,3
1299,1.7163630603212892,1.8806137567016648,15,5,3
1300,1.7163630603212892,1.8806137567016648,15,5,3
1301,1.7163630603212892,1.8806137567016648,15,5,3
1302,1.7163630603212892,1.8806137567016648,15,5,3
1303,1.7163630603212892,1.8806137567016648,15,5,3
1304,1.7163630603212892,1.8806137567016648,15,5,3
1305,1.7163630603212892,1.8806137567016648,15,5,3
1306,1.7163630603212892,1.8806137567016648,15,5,3
1307,1.7163630603212892,1.8806137567016648,15,5,3
1308,1.7163630603212892,1.8806137567016648,15,5,3
1309,1.7163630603212892,1.8806137567016648,15,5,3
1310,1.7163630603212892,1.8806137567016648,15,5,3
1311,1.7163630603212892,1.8806137567016648,15,5,3
1312,1.7163630603212892,1.8806137567016648,15,5,3
1313,1.7163630603212892,1.8806137567016648,15,5,3
1314,1.7163630603212892,1.8806137567016648,15,5,3
1315,1.7163630603212892,1.8806137567016648,15,5,3
1316,1.7163630603212892,1.8806137567016648,15,5,3
1317,1.7163630603212892,1.8806137567016648,15,5,3
1318,1.7163630603212892,1.8806137567016648,15,5,3
1319,1.7163630603212892,1.8806137567016648,15,5,3
1320,1.7163630603212892,1.8806137567016648,15,5,3
1321,1.7163630603212892,1.8806137567016648,15,5,3
1322,1.7163630603212892,1.8806137567016648,15,5,3
1323,1.7163630603212892,1.8806137567016648,15,5,3
1324,1.7163630603212892,1.8806137567016648,15,5,3
1325,1.7163630603212892,1.8806137567016648,15,5,3
1326,1.7163630603212892,1.8806137567016648,15,5,3
1327,1.7163630603212892,1.8806137567016648,15,5,3
1328,1.7163630603212892,1.8806137567016648,15,5,3
1329,1.7163630603212892,1.8806137567016648,15,5,3
1330,1.7163630603212892,1.8806137567016648,15,5,3
1331,1.7163630603212892,1.8806137567016648,15,5,3
1332,1.7163630603212892,1.8806137567016648,15,5,3
1333,1.7163630603212892,1.8806137567016648,15,5,3
1334,1.7163630603212892,1.8806137567016648,15,5,3
1335,1.7163630603212892,1.8806137567016648,15,5,3
1336,1.7163630603212892,1.8806137567016648,15,5,3
1337,1.7163630603212892,1.8806137567016648,15,5,3
1338,1.7163630603212892,1.8806137567016648,15,5,3
1339,1.7163630603212892,1.8806137567016648,15,5,3
1340,1.7163630603212892,1.8806137567016648,15,5,3
1341,1.7163630603212892,1.8806137567016648,15,5,3
1342,1.7163630603212892,1.8806137567016648,15,5,3
1343,1.7163630603212892,1.8806137567016648,15,5,3
1344,1.7163630603212892,1.8806137567016648,15,5,3
1345,1.7163630603212892,1.8806137567016648,15,5,3
1346,1.7163630603212892,1.8806137567016648,15,5,3
1347,1.7163630603212892,1.8806137567016648,15,5,3
1348,1.7163630603212892,1.8806137567016648,15,5,3
1349,1.7163630603212892,1.8806137567016648,15,5,3
1350,1.7163630603212892,1.8806137567016648,15,5,3
1351,1.7163630603212892,1.8806137567016648,15,5,3
1352,1.7163630603212892,1.8806137567016648,15,5,3
1353,1.7163630603212892,1.8806137567016648,15,5,3
1354,1.7163630603212892,1.8806137567016648,15,5,3
1355,1.7163630603212892,1.8806137567016648,15,5,3
1356,1.7163630603212892,1.8806137567016648,15,5,3
1357,1.7163630603212892,1.8806137567016648,15,5,3
1358,1.7163630603212892,1.8806137567016648,15,5,3
1359,1.7163630603212892,1.8806137567016648,15,5,3
1360,1.7163630603212892,1.8806137567016648,15,5,3
1361,1.7163630603212892,1.8806137567016648,15,5,3
1362,1.7163630603212892,1.8806137567016648,15,5,3
1363,1.7163630603212892,1.8806137567016648,15,5,3
1364,1.7163630603212892,1.8806137567016648,15,5,3
1365,1.7163630603212892,1.8806137567016648,15,5,3
1366,1.7163630603212892,1.8806137567016648,15,5,3
1367,1.7163630603212892,1.8806137567016648,15,5,3
1368,1.7163630603212892,1.8806137567016648,15,5,3
1369,1.7163630603212892,1.8806137567016648,15,5,3
1370,1.7163630603212892,1.8806137567016648,15,5,3
1371,1.7163630603212892,1.8806137567016648,15,5,3
1372,1.7163630603212892,1.8806137567016648,15,5,3
1373,1.7163630603212892,1.8806137567016648,15,5,3
1374,1.7163630603212892,1.8806137567016648,15,5,3
1375,1.7163630603212892,1.8806137567016648,15,5,3
1376,1.7163630603212892,1.8806137567016648,15,5,3
1377,1.7163630603212892,1.8806137567016648,15,5,3
1378,1.7163630603212892,1.8806137567016648,15,5,3
1379,1.7163630603212892,1.8806137567016648,15,5,3
1380,1.7163630603212892,1.8806137567016648,15,5,3
1381,1.7163630603212892,1.8806137567016648,15,5,3
1382,1.7163630603212892,1.8806137567016648,15,5,3
1383,1.7163630603212892,1.8806137567016648,15,5,3
1384,1.7163630603212892,1.8806137567016648,15,5,3
1385,1.7163630603212892,1.8806137567016648,15,5,3
1386,1.7163630603212892,1.8806137567016648,15,5,3
1387,1.7163630603212892,1.8806137567016648,15,5,3
1388,1.7163630603212892,1.8806137567016648,15,5,3
1389,1.7163630603212892,1.8806137567016648,15,5,3
1390,1.7163630603212892,1.8806137567016648,15,5,3
1391,1.7163630603212892,1.8806137567016648,15,5,3
1392,1.7163630603212892,1.8806137567016648,15,5,3
1393,1.7163630603212892,1.8806137567016648,15,5,3
1394,1.7163630603212892,1.8806137567016648,15,5,3
1395,1.7163630603212892,1.8806137567016648,15,5,3
1396,1.7163630603212892,1.8806137567016648,15,5,3
1397,1.7163630603212892,1.8806137567016648,15,5,3
1398,1.7163630603212892,1.8806137567016648,15,5,3
1399,1.7163630603212892,1.8806137567016648,15,5,3
1400,1.7163630603212892,1.8806137567016648,15,5,3
1401,1.7163630603212892,1.8806137567016648,15,5,3
1402,1.7163630603212892,1.8806137567016648,15,5,3
1403,1.7163630603212892,1.8806137567016648,15,5,3
1404,1.7163630603212892,1.8806137567016648,15,5,3
1405,1.7163630603212892,1.8806137567016648,15,5,3
1406,1.7163630603212892,1.8806137567016648,15,5,3
1407,1.7163630603212892,1.8806137567016648,15,5,3
1408,1.7163630603212892,1.8806137567016648,15,5,3
1409,1.7163630603212892,1.8806137567016648,15,5,3
1410,1.7163630603212892,1.8806137567016648,15,5,3
1411,1.7163630603212892,1.8806137567016648,15,5,3
1412,1.7163630603212892,1.8806137567016648,15,5,3
1413,1.7163630603212892,1.8806137567016648,15,5,3
1414,1.7163630603212892,1.8806137567016648,15,5,3
1415,1.7163630603212892,1.8806137567016648,15,5,3
1416,1.7163630603212892,1.8806137567016648,15,5,3
1417,1.7163630603212892,1.8806137567016648,15,5,3
1418,1.7163630603212892,1.8806137567016648,15,5,3
1419,1.7163630603212892,1.8806137567016648,15,5,3
1420,1.7163630603212892,1.8806137567016648,15,5,3
1421,1.7163630603212892,1.8806137567016648,15,5,3
1422,1.7163630603212892,1.8806137567016648,15,5,3
1423,1.7163630603212892,1.8806137567016648,15,5,3
1424,1.7163630603212892,1.8806137567016648,15,5,3
1425,1.7163630603212892,1.8806137567016648,15,5,3
1426,1.7163630603212892,1.8806137567016648,15,5,3
1427,1.7163630603212892,1.8806137567016648,15,5,3
1428,1.7163630603212892,1.8806137567016648,15,5,3
1429,1.7163630603212892,1.8806137567016648,15,5,3
1430,1.7163630603212892,1.8806137567016648,15,5,3
1431,1.7163630603212892,1.8806137567016648,15,5,3
1432,1.7163630603212892,1.8806137567016648,15,5,3
1433,1.7163630603212892,1.8806137567016648,15,5,3
1434,1.7163630603212892,1.8806137567016648,15,5,3
1435,1.7163630603212892,1.8806137567016648,15,5,3
1436,1.7163630603212892,1.8806137567016648,15,5,3
1437,1.7163630603212892,1.8806137567016648,15,5,3
1438,1.7163630603212892,1.8806137567016648,15,5,3
1439,1.7163630603212892,1.8806137567016648,15,5,3
1440,1.7163630603212892,1.8806137567016648,15,5,3
1441,1.7163630603212892,1.8806137567016648,15,5,3
1442,1.7163630603212892,1.8806137567016648,15,5,3
1443,1.7163630603212892,1.8806137567016648,15,5,3
1444,1.7163630603212892,1.8806137567016648,15,5,3
1445,1.7163630603212892,1.8806137567016648,15,5,3
1446,1.7163630603212892,1.8806137567016648,15,5,3
1447,1.7163630603212892,1.8806137567016648,15,5,3
1448,1.7163630603212892,1.8806137567016648,15,5,3
1449,1.7163630603212892,1.8806137567016648,15,5,3
1450,1.7163630603212892,1.8806137567016648,15,5,3
1451,1.7163630603212892,1.8806137567016648,15,5,3
1452,1.7163630603212892,1.8806137567016648,15,5,3
1453,1.7163630603212892,1.8806137567016648,15,5,3
1454,1.7163630603212892,1.8806137567016648,15,5,3
1455,1.7163630603212892,1.8806137567016648,15,5,3
1456,1.7163630603212892,1.8806137567016648,15,5,3
1457,1.7163630603212892,1.8806137567016648,15,5,3
1458,1.7163630603212892,1.8806137567016648,15,5,3
1459,1.7163630603212892,1.8806137567016648,15,5,3
1460,1.7163630603212892,1.8806137567016648,15,5,3
1461,1.7163630603212892,1.8806137567016648,15,5,3
1462,1.7163630603212892,1.8806137567016648,15,5,3
1463,1.7163630603212892,1.8806137567016648,15,5,3
1464,1.7163630603212892,1.8806137567016648,15,5,3
1465,1.7163630603212892,1.8806137567016648,15,5,3
1466,1.7163630603212892,1.8806137567016648,15,5,3
1467,1.7163630603212892,1.8806137567016648,15,5,3
1468,1.7163630603212892,1.8806137567016648,15,5,3
1469,1.7163630603212892,1.8806137567016648,15,5,3
1470,1.7163630603212892,1.8806137567016648,15,5,3
1471,1.7163630603212892,1.8806137567016648,15,5,3
1472,1.7163630603212892,1.8806137567016648,15,5,3
1473,1.7163630603212892,1.8806137567016648,15,5,3
1474,1.7163630603212892,1.8806137567016648,15,5,3
1475,1.7163630603212892,1.8806137567016648,15,5,3
1476,1.7163630603212892,1.8806137567016648,15,5,3
1477,1.7163630603212892,1.8806137567016648,15,5,3
1478,1.7163630603212892,1.8806137567016648,15,5,3
1479,1.7163630603212892,1.8806137567016648,15,5,3
1480,1.7163630603212892,1.8806137567016648,15,5,3
1481,1.7163630603212892,1.8806137567016648,15,5,3
1482,1.7163630603212892,1.8806137567016648,15,5,3
1483,1.7163630603212892,1.8806137567016648,15,5,3
1484,1.7163630603212892,1.8806137567016648,15,5,3
1485,1.7163630603212892,1.8806137567016648,15,5,3
1486,1.7163630603212892,1.8806137567016648,15,5,3
1487,1.7163630603212892,1.8806137567016648,15,5,3
1488,1.7163630603212892,1.8806137567016648,15,5,3
1489,1.7163630603212892,1.8806137567016648,15,5,3
1490,1.7163630603212892,1.8806137567016648,15,5,3
1491,1.7163630603212892,1.8806137567016648,15,5,3
1492,1.7163630603212892,1.8806137567016648,15,5,3
1493,1.7163630603212892,1.8806137567016648,15,5,3
1494,1.7163630603212892,1.8806137567016648,15,5,3
1495,1.7163630603212892,1.8806137567016648,15,5,3
1496,1.7163630603212892,1.8806137567016648,15,5,3
1497,1.7163630603212892,1.8806137567016648,15,5,3
1498,1.7163630603212892,1.8806137567016648,15,5,3
1499,1.7163630603212892,1.8806137567016648,15,5,3
1500,1.7163630603212892,1.8806137567016648,15,5,3
1501,1.7163630603212892,1.8806137567016648,15,5,3
1502,1.7163630603212892,1.8806137567016648,15,5,3
1503,1.7163630603212892,1.8806137567016648,15,5,3
1504,1.7163630603212892,1.8806137567016648,15,5,3
1505,1.7163630603212892,1.8806137567016648,15,5,3
1506,1.7163630603212892,1.8806137567016648,15,5,3
1507,1.7163630603212892,1.8806137567016648,15,5,3
1508,1.7163630603212892,1.8806137567016648,15,5,3
1509,1.7163630603212892,1.8806137567016648,15,5,3
1510,1.7163630603212892,1.8806137567016648,15,5,3
1511,1.7163630603212892,1.8806137567016648,15,5,3
1512,1.7163630603212892,1.8806137567016648,15,5,3
1513,1.7163630603212892,1.8806137567016648,15,5,3
1514,1.7163630603212892,1.8806137567016648,15,5,3
1515,1.7163630603212892,1.8806137567016648,15,5,3
1516,1.7163630603212892,1.8806137567016648,15,5,3
1517,1.7163630603212892,1.8806137567016648,15,5,3
1518,1.7163630603212892,1.8806137567016648,15,5,3
1519,1.7163630603212892,1.8806137567016648,15,5,3
1520,1.7163630603212892,1.8806137567016648,15,5,3
1521,1.7163630603212892,1.8806137567016648,15,5,3
1522,1.7163630603212892,1.8806137567016648,15,5,3
1523,1.7163630603212892,1.8806137567016648,15,5,3
1524,1.7163630603212892,1.8806137567016648,15,5,3
1525,1.7163630603212892,1.8806137567016648,15,5,3
1526,1.7163630603212892,1.8806137567016648,15,5,3
1527,1.7163630603212892,1.8806137567016648,15,5,3
1528,1.7163630603212892,1.8806137567016648,15,5,3
1529,1.7163630603212892,1.8806137567016648,15,5,3
1530,1.7163630603212892,1.8806137567016648,15,5,3
1531,1.7163630603212892,1.8806137567016648,15,5,3
1532,1.7163630603212892,1.8806137567016648,15,5,3
1533,1.7163630603212892,1.8806137567016648,15,5,3
1534,1.7163630603212892,1.8806137567016648,15,5,3
1535,1.7163630603212892,1.8806137567016648,15,5,3
1536,1.7163630603212892,1.8806137567016648,15,5,3
1537,1.7163630603212892,1.8806137567016648,15,5,3
1538,1.7163630603212892,1.8806137567016648,15,5,3
1539,1.7163630603212892,1.8806137567016648,15,5,3
1540,1.7163630603212892,1.8806137567016648,15,5,3
1541,1.7163630603212892,1.8806137567016648,15,5,3
1542,1.7163630603212892,1.8806137567016648,15,5,3
1543,1.7163630603212892,1.8806137567016648,15,5,3
1544,1.7163630603212892,1.8806137567016648,15,5,3
1545,1.7163630603212892,1.8806137567016648,15,5,3
1546,1.7163630603212892,1.8806137567016648,15,5,3
1547,1.7163630603212892,1.8806137567016648,15,5,3
1548,1.7163630603212892,1.8806137567016648,15,5,3
1549,1.7163630603212892,1.8806137567016648,15,5,3
1550,1.7163630603212892,1.8806137567016648,15,5,3
1551,1.7163630603212892,1.8806137567016648,15,5,3
1552,1.7163630603212892,1.8806137567016648,15,5,3
1553,1.7163630603212892,1.8806137567016648,15,5,3
1554,1.7163630603212892,1.8806137567016648,15,5,3
1555,1.7163630603212892,1.8806137567016648,15,5,3
1556,1.7163630603212892,1.8806137567016648,15,5,3
1557,1.7163630603212892,1.8806137567016648,15,5,3
1558,1.7163630603212892,1.8806137567016648,15,5,3
1559,1.7163630603212892,1.8806137567016648,15,5,3
1560,1.7163630603212892,1.8806137567016648,15,5,3
1561,1.7163630603212892,1.8806137567016648,15,5,3
1562,1.7163630603212892,1.8806137567016648,15,5,3
1563,1.7163630603212892,1.8806137567016648,15,5,3
1564,1.7163630603212892,1.8806137567016648,15,5,3
1565,1.7163630603212892,1.8806137567016648,15,5,3
1566,1.7163630603212892,1.8806137567016648,15,5,3
1567,1.7163630603212892,1.8806137567016648,15,5,3
1568,1.7163630603212892,1.8806137567016648,15,5,3
1569,1.7163630603212892,1.8806137567016648,15,5,3
1570,1.7163630603212892,1.8806137567016648,15,5,3
1571,1.7163630603212892,1.8806137567016648,15,5,3
1572,1.7163630603212892,1.8806137567016648,15,5,3
1573,1.7163630603212892,1.8806137567016648,15,5,3
1574,1.7163630603212892,1.8806137567016648,15,5,3
1575,1.7163630603212892,1.8806137567016648,15,5,3
1576,1.7163630603212892,1.8806137567016648,15,5,3
1577,1.7163630603212892,1.8806137567016648,15,5,3
1578,1.7163630603212892,1.8806137567016648,15,5,3
1579,1.7163630603212892,1.8806137567016648,15,5,3
1580,1.7163630603212892,1.8806137567016648,15,5,3
1581,1.7163630603212892,1.8806137567016648,15,5,3
1582,1.7163630603212892,1.8806137567016648,15,5,3
1583,1.7163630603212892,1.8806137567016648,15,5,3
1584,1.7163630603212892,1.8806137567016648,15,5,3
1585,1.7163630603212892,1.8806137567016648,15,5,3
1586,1.7163630603212892,1.8806137567016648,15,5,3
1587,1.7163630603212892,1.8806137567016648,15,5,3
1588,1.7163630603212892,1.8806137567016648,15,5,3
1589,1.7163630603212892,1.8806137567016648,15,5,3
1590,1.7163630603212892,1.8806137567016648,15,5,3
1591,1.7163630603212892,1.8806137567016648,15,5,3
1592,1.7163630603212892,1.8806137567016648,15,5,3
1593,1.7163630603212892,1.8806137567016648,15,5,3
1594,1.7163630603212892,1.8806137567016648,15,5,3
1595,1.7163630603212892,1.8806137567016648,15,5,3
1596,1.7163630603212892,1.8806137567016648,15,5,3
1597,1.7163630603212892,1.8806137567016648,15,5,3
1598,1.7163630603212892,1.8806137567016648,15,5,3
1599,1.7163630603212892,1.8806137567016648,15,5,3
1600,1.7163630603212892,1.8806137567016648,15,5,3
1601,1.7163630603212892,1.8806137567016648,15,5,3
1602,1.7163630603212892,1.8806137567016648,15,5,3
1603,1.7163630603212892,1.8806137567016648,15,5,3
1604,1.7163630603212892,1.8806137567016648,15,5,3
1605,1.7163630603212892,1.8806137567016648,15,5,3
1606,1.7163630603212892,1.8806137567016648,15,5,3
1607,1.7163630603212892,1.8806137567016648,15,5,3
1608,1.7163630603212892,1.8806137567016648,15,5,3
1609,1.7163630603212892,1.8806137567016648,15,5,3
1610,1.7163630603212892,1.8806137567016648,15,5,3
1611,1.7163630603212892,1.8806137567016648,15,5,3
1612,1.7163630603212892,1.8806137567016648,15,5,3
1613,1.7163630603212892,1.8806137567016648,15,5,3
1614,1.7163630603212892,1.8806137567016648,15,5,3
1615,1.7163630603212892,1.8806137567016648,15,5,3
1616,1.7163630603212892,1.8806137567016648,15,5,3
1617,1.7163630603212892,1.8806137567016648,15,5,3
1618,1.7163630603212892,1.8806137567016648,15,5,3
1619,1.7163630603212892,1.8806137567016648,15,5,3
1620,1.7163630603212892,1.8806137567016648,15,5,3
1621,1.7163630603212892,1.8806137567016648,15,5,3
1622,1.7163630603212892,1.8806137567016648,15,5,3
1623,1.7163630603212892,1.8806137567016648,15,5,3
1624,1.7163630603212892,1.8806137567016648,15,5,3
1625,1.7163630603212892,1.8806137567016648,15,5,3
1626,1.7163630603212892,1.8806137567016648,15,5,3
1627,1.7163630603212892,1.8806137567016648,15,5,3
1628,1.7163630603212892,1.8806137567016648,15,5,3
1629,1.7163630603212892,1.8806137567016648,15,5,3
1630,1.7163630603212892,1.8806137567016648,15,5,3
1631,1.7163630603212892,1.8806137567016648,15,5,3
1632,1.7163630603212892,1.8806137567016648,15,5,3
1633,1.7163630603212892,1.8806137567016648,15,5,3
1634,1.7163630603212892,1.8806137567016648,15,5,3
1635,1.7163630603212892,1.8806137567016648,15,5,3
1636,1.7163630603212892,1.8806137567016648,15,5,3
1637,1.7163630603212892,1.8806137567016648,15,5,3
1638,1.7163630603212892,1.8806137567016648,15,5,3
1639,1.7163630603212892,1.8806137567016648,15,5,3
1640,1.7163630603212892,1.8806137567016648,15,5,3
1641,1.7163630603212892,1.8806137567016648,15,5,3
1642,1.7163630603212892,1.8806137567016648,15,5,3
1643,1.7163630603212892,1.8806137567016648,15,5,3
1644,1.7163630603212892,1.8806137567016648,15,5,3
1645,1.7163630603212892,1.8806137567016648,15,5,3
1646,1.7163630603212892,1.8806137567016648,15,5,3
1647,1.7163630603212892,1.8806137567016648,15,5,3
1648,1.7163630603212892,1.8806137567016648,15,5,3
1649,1.7163630603212892,1.8806137567016648,15,5,3
1650,1.7163630603212892,1.8806137567016648,15,5,3
1651,1.7163630603212892,1.8806137567016648,15,5,3
1652,1.7163630603212892,1.8806137567016648,15,5,3
1653,1.7163630603212892,1.8806137567016648,15,5,3
1654,1.7163630603212892,1.8806137567016648,15,5,3
1655,1.7163630603212892,1.8806137567016648,15,5,3
1656,1.7163630603212892,1.8806137567016648,15,5,3
1657,1.7163630603212892,1.8806137567016648,15,5,3
1658,1.7163630603212892,1.8806137567016648,15,5,3
1659,1.7163630603212892,1.8806137567016648,15,5,3
1660,1.7163630603212892,1.8806137567016648,15,5,3
1661,1.7163630603212892,1.8806137567016648,15,5,3
1662,1.7163630603212892,1.8806137567016648,15,5,3
1663,1.7163630603212892,1.8806137567016648,15,5,3
1664,1.7163630603212892,1.8806137567016648,15,5,3
1665,1.7163630603212892,1.8806137567016648,15,5,3
1666,1.7163630603212892,1.8806137567016648,15,5,3
1667,1.7163630603212892,1.8806137567016648,15,5,3
1668,1.7163630603212892,1.8806137567016648,15,5,3
1669,1.7163630603212892,1.8806137567016648,15,5,3
1670,1.7163630603212892,1.8806137567016648,15,5,3
1671,1.7163630603212892,1.8806137567016648,15,5,3
1672,1.7163630603212892,1.8806137567016648,15,5,3
1673,1.7163630603212892,1.8806137567016648,15,5,3
1674,1.7163630603212892,1.8806137567016648,15,5,3
1675,1.7163630603212892,1.8806137567016648,15,5,3
1676,1.7163630603212892,1.8806137567016648,15,5,3
1677,1.7163630603212892,1.8806137567016648,15,5,3
1678,1.7163630603212892,1.8806137567016648,15,5,3
1679,1.7163630603212892,1.8806137567016648,15,5,3
1680,1.7163630603212892,1.8806137567016648,15,5,3
1681,1.7163630603212892,1.8806137567016648,15,5,3
1682,1.7163630603212892,1.8806137567016648,15,5,3
1683,1.7163630603212892,1.8806137567016648,15,5,3
1684,1.7163630603212892,1.8806137567016648,15,5,3
1685,1.7163630603212892,1.8806137567016648,15,5,3
1686,1.7163630603212892,1.8806137567016648,15,5,3
1687,1.7163630603212892,1.8806137567016648,15,5,3
1688,1.7163630603212892,1.8806137567016648,15,5,3
1689,1.7163630603212892,1.8806137567016648,15,5,3
1690,1.7163630603212892,1.8806137567016648,15,5,3
1691,1.7163630603212892,1.8806137567016648,15,5,3
1692,1.7163630603212892,1.8806137567016648,15,5,3
1693,1.7163630603212892,1.8806137567016648,15,5,3
1694,1.7163630603212892,1.8806137567016648,15,5,3
1695,1.7163630603212892,1.8806137567016648,15,5,3
1696,1.7163630603212892,1.8806137567016648,15,5,3
1697,1.7163630603212892,1.8806137567016648,15,5,3
1698,1.7163630603212892,1.8806137567016648,15,5,3
1699,1.7163630603212892,1.8806137567016648,15,5,3
1700,1.7163630603212892,1.8806137567016648,15,5,3
1701,1.7163630603212892,1.8806137567016648,15,5,3
1702,1.7163630603212892,1.8806137567016648,15,5,3
1703,1.7163630603212892,1.8806137567016648,15,5,3
1704,1.7163630603212892,1.8806137567016648,15,5,3
1705,1.7163630603212892,1.8806137567016648,15,5,3
1706,1.7163630603212892,1.8806137567016648,15,5,3
1707,1.7163630603212892,1.8806137567016648,15,5,3
1708,1.7163630603212892,1.8806137567016648,15,5,3
1709,1.7163630603212892,1.8806137567016648,15,5,3
1710,1.7163630603212892,1.8806137567016648,15,5,3
1711,1.7163630603212892,1.8806137567016648,15,5,3
1712,1.7163630603212892,1.8806137567016648,15,5,3
1713,1.7163630603212892,1.8806137567016648,15,5,3
1714,1.7163630603212892,1.8806137567016648,15,5,3
1715,1.7163630603212892,1.8806137567016648,15,5,3
1716,1.7163630603212892,1.8806137567016648,15,5,3
1717,1.7163630603212892,1.8806137567016648,15,5,3
1718,1.7163630603212892,1.8806137567016648,15,5,3
1719,1.7163630603212892,1.8806137567016648,15,5,3
1720,1.7163630603212892,1.8806137567016648,15,5,3
1721,1.7163630603212892,1.8806137567016648,15,5,3
1722,1.7163630603212892,1.8806137567016648,15,5,3
1723,1.7163630603212892,1.8806137567016648,15,5,3
1724,1.7163630603212892,1.8806137567016648,15,5,3
1725,1.7163630603212892,1.8806137567016648,15,5,3
1726,1.7163630603212892,1.8806137567016648,15,5,3
1727,1.7163630603212892,1.8806137567016648,15,5,3
1728,1.7163630603212892,1.8806137567016648,15,5,3
1729,1.7163630603212892,1.8806137567016648,15,5,3
1730,1.7163630603212892,1.8806137567016648,15,5,3
1731,1.7163630603212892,1.8806137567016648,15,5,3
1732,1.7163630603212892,1.8806137567016648,15,5,3
1733,1.7163630603212892,1.8806137567016648,15,5,3
1734,1.7163630603212892,1.8806137567016648,15,5,3
1735,1.7163630603212892,1.8806137567016648,15,5,3
1736,1.7163630603212892,1.8806137567016648,15,5,3
1737,1.7163630603212892,1.8806137567016648,15,5,3
1738,1.7163630603212892,1.8806137567016648,15,5,3
1739,1.7163630603212892,1.8806137567016648,15,5,3
1740,1.7163630603212892,1.8806137567016648,15,5,3
1741,1.7163630603212892,1.8806137567016648,15,5,3
1742,1.7163630603212892,1.8806137567016648,15,5,3
1743,1.7163630603212892,1.8806137567016648,15,5,3
1744,1.7163630603212892,1.8806137567016648,15,5,3
1745,1.7163630603212892,1.8806137567016648,15,5,3
1746,1.7163630603212892,1.8806137567016648,15,5,3
1747,1.7163630603212892,1.8806137567016648,15,5,3
1748,1.7163630603212892,1.8806137567016648,15,5,3
1749,1.7163630603212892,1.8806137567016648,15,5,3
1750,1.7163630603212892,1.8806137567016648,15,5,3
1751,1.7163630603212892,1.8806137567016648,15,5,3
1752,1.7163630603212892,1.8806137567016648,15,5,3
1753,1.7163630603212892,1.8806137567016648,15,5,3
1754,1.7163630603212892,1.8806137567016648,15,5,3
1755,1.7163630603212892,1.8806137567016648,15,5,3
1756,1.7163630603212892,1.8806137567016648,15,5,3
1757,1.7163630603212892,1.8806137567016648,15,5,3
1758,1.7163630603212892,1.8806137567016648,15,5,3
1759,1.7163630603212892,1.8806137567016648,15,5,3
1760,1.7163630603212892,1.8806137567016648,15,5,3
1761,1.7163630603212892,1.8806137567016648,15,5,3
1762,1.7163630603212892,1.8806137567016648,15,5,3
1763,1.7163630603212892,1.8806137567016648,15,5,3
1764,1.7163630603212892,1.8806137567016648,15,5,3
1765,1.7163630603212892,1.8806137567016648,15,5,3
1766,1.7163630603212892,1.8806137567016648,15,5,3
1767,1.7163630603212892,1.8806137567016648,15,5,3
1768,1.7163630603212892,1.8806137567016648,15,5,3
1769,1.7163630603212892,1.8806137567016648,15,5,3
1770,1.7163630603212892,1.8806137567016648,15,5,3
1771,1.7163630603212892,1.8806137567016648,15,5,3
1772,1.7163630603212892,1.8806137567016648,15,5,3
1773,1.7163630603212892,1.8806137567016648,15,5,3
1774,1.7163630603212892,1.8806137567016648,15,5,3
1775,1.7163630603212892,1.8806137567016648,15,5,3
1776,1.7163630603212892,1.8806137567016648,15,5,3
1777,1.7163630603212892,1.8806137567016648,15,5,3
1778,1.7163630603212892,1.8806137567016648,15,5,3
1779,1.7163630603212892,1.8806137567016648,15,5,3
1780,1.7163630603212892,1.8806137567016648,15,5,3
1781,1.7163630603212892,1.8806137567016648,15,5,3
1782,1.7163630603212892,1.8806137567016648,15,5,3
1783,1.7163630603212892,1.8806137567016648,15,5,3
1784,1.7163630603212892,1.8806137567016648,15,5,3
1785,1.7163630603212892,1.8806137567016648,15,5,3
1786,1.7163630603212892,1.8806137567016648,15,5,3
1787,1.7163630603212892,1.8806137567016648,15,5,3
1788,1.7163630603212892,1.8806137567016648,15,5,3
1789,1.7163630603212892,1.8806137567016648,15,5,3
1790,1.7163630603212892,1.8806137567016648,15,5,3
1791,1.7163630603212892,1.8806137567016648,15,5,3
1792,1.7163630603212892,1.8806137567016648,15,5,3
1793,1.7163630603212892,1.8806137567016648,15,5,3
1794,1.7163630603212892,1.8806137567016648,15,5,3
1795,1.7163630603212892,1.8806137567016648,15,5,3
1796,1.7163630603212892,1.8806137567016648,15,5,3
1797,1.7163630603212892,1.8806137567016648,15,5,3
1798,1.7163630603212892,1.8806137567016648,15,5,3
1799,1.7163630603212892,1.8806137567016648,15,5,3
1800,1.7163630603212892,1.8806137567016648,15,5,3
1801,1.7163630603212892,1.8806137567016648,15,5,3
1802,1.7163630603212892,1.8806137567016648,15,5,3
1803,1.7163630603212892,1.8806137567016648,15,5,3
1804,1.7163630603212892,1.8806137567016648,15,5,3
1805,1.7163630603212892,1.8806137567016648,15,5,3
1806,1.7163630603212892,1.8806137567016648,15,5,3
1807,1.7163630603212892,1.8806137567016648,15,5,3
1808,1.7163630603212892,1.8806137567016648,15,5,3
1809,1.7163630603212892,1.8806137567016648,15,5,3
1810,1.7163630603212892,1.8806137567016648,15,5,3
1811,1.7163630603212892,1.8806137567016648,15,5,3
1812,1.7163630603212892,1.8806137567016648,15,5,3
1813,1.7163630603212892,1.8806137567016648,15,5,3
1814,1.7163630603212892,1.8806137567016648,15,5,3
1815,1.7163630603212892,1.8806137567016648,15,5,3
1816,1.7163630603212892,1.8806137567016648,15,5,3
1817,1.7163630603212892,1.8806137567016648,15,5,3
1818,1.7163630603212892,1.8806137567016648,15,5,3
1819,1.7163630603212892,1.8806137567016648,15,5,3
1820,1.7163630603212892,1.8806137567016648,15,5,3
1821,1.7163630603212892,1.8806137567016648,15,5,3
1822,1.7163630603212892,1.8806137567016648,15,5,3
1823,1.7163630603212892,1.8806137567016648,15,5,3
1824,1.7163630603212892,1.8806137567016648,15,5,3
1825,1.7163630603212892,1.8806137567016648,15,5,3
1826,1.7163630603212892,1.8806137567016648,15,5,3
1827,1.7163630603212892,1.8806137567016648,15,5,3
1828,1.7163630603212892,1.8806137567016648,15,5,3
1829,1.7163630603212892,1.8806137567016648,15,5,3
1830,1.7163630603212892,1.8806137567016648,15,5,3
1831,1.7163630603212892,1.8806137567016648,15,5,3
1832,1.7163630603212892,1.8806137567016648,15,5,3
1833,1.7163630603212892,1.8806137567016648,15,5,3
1834,1.7163630603212892,1.8806137567016648,15,5,3
1835,1.7163630603212892,1.8806137567016648,15,5,3
1836,1.7163630603212892,1.8806137567016648,15,5,3
1837,1.7163630603212892,1.8806137567016648,15,5,3
1838,1.7163630603212892,1.8806137567016648,15,5,3
1839,1.7163630603212892,1.8806137567016648,15,5,3
1840,1.7163630603212892,1.8806137567016648,15,5,3
1841,1.7163630603212892,1.8806137567016648,15,5,3
1842,1.7163630603212892,1.8806137567016648,15,5,3
1843,1.7163630603212892,1.8806137567016648,15,5,3
1844,1.7163630603212892,1.8806137567016648,15,5,3
1845,1.7163630603212892,1.8806137567016648,15,5,3
1846,1.7163630603212892,1.8806137567016648,15,5,3
1847,1.7163630603212892,1.8806137567016648,15,5,3
1848,1.7163630603212892,1.8806137567016648,15,5,3
1849,1.7163630603212892,1.8806137567016648,15,5,3
1850,1.7163630603212892,1.8806137567016648,15,5,3
1851,1.7163630603212892,1.8806137567016648,15,5,3
1852,1.7163630603212892,1.8806137567016648,15,5,3
1853,1.7163630603212892,1.8806137567016648,15,5,3
1854,1.7163630603212892,1.8806137567016648,15,5,3
1855,1.7163630603212892,1.8806137567016648,15,5,3
1856,1.7163630603212892,1.8806137567016648,15,5,3
1857,1.7163630603212892,1.8806137567016648,15,5,3
1858,1.7163630603212892,1.8806137567016648,15,5,3
1859,1.7163630603212892,1.8806137567016648,15,5,3
1860,1.7163630603212892,1.8806137567016648,15,5,3
1861,1.7163630603212892,1.8806137567016648,15,5,3
1862,1.7163630603212892,1.8806137567016648,15,5,3
1863,1.7163630603212892,1.8806137567016648,15,5,3
1864,1.7163630603212892,1.8806137567016648,15,5,3
1865,1.7163630603212892,1.8806137567016648,15,5,3
1866,1.7163630603212892,1.8806137567016648,15,5,3
1867,1.7163630603212892,1.8806137567016648,15,5,3
1868,1.7163630603212892,1.8806137567016648,15,5,3
1869,1.7163630603212892,1.8806137567016648,15,5,3
1870,1.7163630603212892,1.8806137567016648,15,5,3
1871,1.7163630603212892,1.8806137567016648,15,5,3
1872,1.7163630603212892,1.8806137567016648,15,5,3
1873,1.7163630603212892,1.8806137567016648,15,5,3
1874,1.7163630603212892,1.8806137567016648,15,5,3
1875,1.7163630603212892,1.8806137567016648,15,5,3
1876,1.7163630603212892,1.8806137567016648,15,5,3
1877,1.7163630603212892,1.8806137567016648,15,5,3
1878,1.7163630603212892,1.8806137567016648,15,5,3
1879,1.7163630603212892,1.8806137567016648,15,5,3
1880,1.7163630603212892,1.8806137567016648,15,5,3
1881,1.7163630603212892,1.8806137567016648,15,5,3
1882,1.7163630603212892,1.8806137567016648,15,5,3
1883,1.7163630603212892,1.8806137567016648,15,5,3
1884,1.7163630603212892,1.8806137567016648,15,5,3
1885,1.7163630603212892,1.8806137567016648,15,5,3
1886,1.7163630603212892,1.8806137567016648,15,5,3
1887,1.7163630603212892,1.8806137567016648,15,5,3
1888,1.7163630603212892,1.8806137567016648,15,5,3
1889,1.7163630603212892,1.8806137567016648,15,5,3
1890,1.7163630603212892,1.8806137567016648,15,5,3
1891,1.7163630603212892,1.8806137567016648,15,5,3
1892,1.7163630603212892,1.8806137567016648,15,5,3
1893,1.7163630603212892,1.8806137567016648,15,5,3
1894,1.7163630603212892,1.8806137567016648,15,5,3
1895,1.7163630603212892,1.8806137567016648,15,5,3
1896,1.7163630603212892,1.8806137567016648,15,5,3
1897,1.7163630603212892,1.8806137567016648,15,5,3
1898,1.7163630603212892,1.8806137567016648,15,5,3
1899,1.7163630603212892,1.8806137567016648,15,5,3
1900,1.7163630603212892,1.8806137567016648,15,5,3
1901,1.7163630603212892,1.8806137567016648,15,5,3
1902,1.7163630603212892,1.8806137567016648,15,5,3
1903,1.7163630603212892,1.8806137567016648,15,5,3
1904,1.7163630603212892,1.8806137567016648,15,5,3
1905,1.7163630603212892,1.8806137567016648,15,5,3
1906,1.7163630603212892,1.8806137567016648,15,5,3
1907,1.7163630603212892,1.8806137567016648,15,5,3
1908,1.7163630603212892,1.8806137567016648,15,5,3
1909,1.7163630603212892,1.8806137567016648,15,5,3
1910,1.7163630603212892,1.8806137567016648,15,5,3
1911,1.7163630603212892,1.8806137567016648,15,5,3
1912,1.7163630603212892,1.8806137567016648,15,5,3
1913,1.7163630603212892,1.8806137567016648,15,5,3
1914,1.7163630603212892,1.8806137567016648,15,5,3
1915,1.7163630603212892,1.8806137567016648,15,5,3
1916,1.7163630603212892,1.8806137567016648,15,5,3
1917,1.7163630603212892,1.8806137567016648,15,5,3
1918,1.7163630603212892,1.8806137567016648,15,5,3
1919,1.7163630603212892,1.8806137567016648,15,5,3
1920,1.7163630603212892,1.8806137567016648,15,5,3
1921,1.7163630603212892,1.8806137567016648,15,5,3
1922,1.7163630603212892,1.8806137567016648,15,5,3
1923,1.7163630603212892,1.8806137567016648,15,5,3
1924,1.7163630603212892,1.8806137567016648,15,5,3
1925,1.7163630603212892,1.8806137567016648,15,5,3
1926,1.7163630603212892,1.8806137567016648,15,5,3
1927,1.7163630603212892,1.8806137567016648,15,5,3
1928,1.7163630603212892,1.8806137567016648,15,5,3
1929,1.7163630603212892,1.8806137567016648,15,5,3
1930,1.7163630603212892,1.8806137567016648,15,5,3
1931,1.7163630603212892,1.8806137567016648,15,5,3
1932,1.7163630603212892,1.8806137567016648,15,5,3
1933,1.7163630603212892,1.8806137567016648,15,5,3
1934,1.7163630603212892,1.8806137567016648,15,5,3
1935,1.7163630603212892,1.8806137567016648,15,5,3
1936,1.7163630603212892,1.8806137567016648,15,5,3
1937,1.7163630603212892,1.8806137567016648,15,5,3
1938,1.7163630603212892,1.8806137567016648,15,5,3
1939,1.7163630603212892,1.8806137567016648,15,5,3
1940,1.7163630603212892,1.8806137567016648,15,5,3
1941,1.7163630603212892,1.8806137567016648,15,5,3
1942,1.7163630603212892,1.8806137567016648,15,5,3
1943,1.7163630603212892,1.8806137567016648,15,5,3
1944,1.7163630603212892,1.8806137567016648,15,5,3
1945,1.7163630603212892,1.8806137567016648,15,5,3
1946,1.7163630603212892,1.8806137567016648,15,5,3
1947,1.7163630603212892,1.8806137567016648,15,5,3
1948,1.7163630603212892,1.8806137567016648,15,5,3
1949,1.7163630603212892,1.8806137567016648,15,5,3
1950,1.7163630603212892,1.8806137567016648,15,5,3
1951,1.7163630603212892,1.8806137567016648,15,5,3
1952,1.7163630603212892,1.8806137567016648,15,5,3
1953,1.7163630603212892,1.8806137567016648,15,5,3
1954,1.7163630603212892,1.8806137567016648,15,5,3
1955,1.7163630603212892,1.8806137567016648,15,5,3
1956,1.7163630603212892,1.8806137567016648,15,5,3
1957,1.7163630603212892,1.8806137567016648,15,5,3
1958,1.7163630603212892,1.8806137567016648,15,5,3
1959,1.7163630603212892,1.8806137567016648,15,5,3
1960,1.7163630603212892,1.8806137567016648,15,5,3
1961,1.7163630603212892,1.8806137567016648,15,5,3
1962,1.7163630603212892,1.8806137567016648,15,5,3
1963,1.7163630603212892,1.8806137567016648,15,5,3
1964,1.7163630603212892,1.8806137567016648,15,5,3
1965,1.7163630603212892,1.8806137567016648,15,5,3
1966,1.7163630603212892,1.8806137567016648,15,5,3
1967,1.7163630603212892,1.8806137567016648,15,5,3
1968,1.7163630603212892,1.8806137567016648,15,5,3
1969,1.7163630603212892,1.8806137567016648,15,5,3
1970,1.7163630603212892,1.8806137567016648,15,5,3
1971,1.7163630603212892,1.8806137567016648,15,5,3
1972,1.7163630603212892,1.8806137567016648,15,5,3
1973,1.7163630603212892,1.8806137567016648,15,5,3
1974,1.7163630603212892,1.8806137567016648,15,5,3
1975,1.7163630603212892,1.8806137567016648,15,5,3
1976,1.7163630603212892,1.8806137567016648,15,5,3
1977,1.7163630603212892,1.8806137567016648,15,5,3
1978,1.7163630603212892,1.8806137567016648,15,5,3
1979,1.7163630603212892,1.8806137567016648,15,5,3
1980,1.7163630603212892,1.8806137567016648,15,5,3
1981,1.7163630603212892,1.8806137567016648,15,5,3
1982,1.7163630603212892,1.8806137567016648,15,5,3
1983,1.7163630603212892,1.8806137567016648,15,5,3
1984,1.7163630603212892,1.8806137567016648,15,5,3
1985,1.7163630603212892,1.8806137567016648,15,5,3
1986,1.7163630603212892,1.8806137567016648,15,5,3
1987,1.7163630603212892,1.8806137567016648,15,5,3
1988,1.7163630603212892,1.8806137567016648,15,5,3
1989,1.7163630603212892,1.8806137567016648,15,5,3
1990,1.7163630603212892,1.8806137567016648,15,5,3
1991,1.7163630603212892,1.8806137567016648,15,5,3
1992,1.7163630603212892,1.8806137567016648,15,5,3
1993,1.7163630603212892,1.8806137567016648,15,5,3
1994,1.7163630603212892,1.8806137567016648,15,5,3
1995,1.7163630603212892,1.8806137567016648,15,5,3
1996,1.7163630603212892,1.8806137567016648,15,5,3
1997,1.7163630603212892,1.8806137567016648,15,5,3
1998,1.7163630603212892,1.8806137567016648,15,5,3
1999,1.7163630603212892,1.8806137567016648,15,5,3
2000,1.7163630603212892,1.8806137567016648,15,5,3
2001,1.7163630603212892,1.8806137567016648,15,5,3
2002,1.7163630603212892,1.8806137567016648,15,5,3
2003,1.7163630603212892,1.8806137567016648,15,5,3
2004,1.7163630603212892,1.8806137567016648,15,5,3
2005,1.7163630603212892,1.8806137567016648,15,5,3
2006,1.7163630603212892,1.8806137567016648,15,5,3
2007,1.7163630603212892,1.8806137567016648,15,5,3
2008,1.7163630603212892,1.8806137567016648,15,5,3
2009,1.7163630603212892,1.8806137567016648,15,5,3
2010,1.7163630603212892,1.8806137567016648,15,5,3
2011,1.7163630603212892,1.8806137567016648,15,5,3
2012,1.7163630603212892,1.8806137567016648,15,5,3
2013,1.7163630603212892,1.8806137567016648,15,5,3
2014,1.7163630603212892,1.8806137567016648,15,5,3
2015,1.7163630603212892,1.8806137567016648,15,5,3
2016,1.7163630603212892,1.8806137567016648,15,5,3
2017,1.7163630603212892,1.8806137567016648,15,5,3
2018,1.7163630603212892,1.8806137567016648,15,5,3
2019,1.7163630603212892,1.8806137567016648,15,5,3
2020,1.7163630603212892,1.8806137567016648,15,5,3
2021,1.7163630603212892,1.8806137567016648,15,5,3
2022,1.7163630603212892,1.8806137567016648,15,5,3
2023,1.7163630603212892,1.8806137567016648,15,5,3
2024,1.7163630603212892,1.8806137567016648,15,5,3
2025,1.7163630603212892,1.8806137567016648,15,5,3
2026,1.7163630603212892,1.8806137567016648,15,5,3
2027,1.7163630603212892,1.8806137567016648,15,5,3
2028,1.7163630603212892,1.8806137567016648,15,5,3
2029,1.7163630603212892,1.8806137567016648,15,5,3
2030,1.7163630603212892,1.8806137567016648,15,5,3
2031,1.7163630603212892,1.8806137567016648,15,5,3
2032,1.7163630603212892,1.8806137567016648,15,5,3
2033,1.7163630603212892,1.8806137567016648,15,5,3
2034,1.7163630603212892,1.8806137567016648,15,5,3
2035,1.7163630603212892,1.8806137567016648,15,5,3
2036,1.7163630603212892,1.8806137567016648,15,5,3
2037,1.7163630603212892,1.8806137567016648,15,5,3
2038,1.7163630603212892,1.8806137567016648,15,5,3
2039,1.7163630603212892,1.8806137567016648,15,5,3
2040,1.7163630603212892,1.8806137567016648,15,5,3
2041,1.7163630603212892,1.8806137567016648,15,5,3
2042,1.7163630603212892,1.8806137567016648,15,5,3
2043,1.7163630603212892,1.8806137567016648,15,5,3
2044,1.7163630603212892,1.8806137567016648,15,5,3
2045,1.7163630603212892,1.8806137567016648,15,5,3
2046,1.7163630603212892,1.8806137567016648,15,5,3
2047,1.7163630603212892,1.8806137567016648,15,5,3
2048,1.7163630603212892,1.8806137567016648,15,5,3
2049,1.7163630603212892,1.8806137567016648,15,5,3
2050,1.7163630603212892,1.8806137567016648,15,5,3
2051,1.7163630603212892,1.8806137567016648,15,5,3
2052,1.7163630603212892,1.8806137567016648,15,5,3
2053,1.7163630603212892,1.8806137567016648,15,5,3
2054,1.7163630603212892,1.8806137567016648,15,5,3
2055,1.7163630603212892,1.8806137567016648,15,5,3
2056,1.7163630603212892,1.8806137567016648,15,5,3
2057,1.7163630603212892,1.8806137567016648,15,5,3
2058,1.7163630603212892,1.8806137567016648,15,5,3
2059,1.7163630603212892,1.8806137567016648,15,5,3
2060,1.7163630603212892,1.8806137567016648,15,5,3
2061,1.7163630603212892,1.8806137567016648,15,5,3
2062,1.7163630603212892,1.8806137567016648,15,5,3
2063,1.7163630603212892,1.8806137567016648,15,5,3
2064,1.7163630603212892,1.8806137567016648,15,5,3
2065,1.7163630603212892,1.8806137567016648,15,5,3
2066,1.7163630603212892,1.8806137567016648,15,5,3
2067,1.7163630603212892,1.8806137567016648,15,5,3
2068,1.7163630603212892,1.8806137567016648,15,5,3
2069,1.7163630603212892,1.8806137567016648,15,5,3
2070,1.7163630603212892,1.8806137567016648,15,5,3
2071,1.7163630603212892,1.8806137567016648,15,5,3
2072,1.7163630603212892,1.8806137567016648,15,5,3
2073,1.7163630603212892,1.8806137567016648,15,5,3
2074,1.7163630603212892,1.8806137567016648,15,5,3
2075,1.7163630603212892,1.8806137567016648,15,5,3
2076,1.7163630603212892,1.8806137567016648,15,5,3
2077,1.7163630603212892,1.8806137567016648,15,5,3
2078,1.7163630603212892,1.8806137567016648,15,5,3
2079,1.7163630603212892,1.8806137567016648,15,5,3
2080,1.7163630603212892,1.8806137567016648,15,5,3
2081,1.7163630603212892,1.8806137567016648,15,5,3
2082,1.7163630603212892,1.8806137567016648,15,5,3
2083,1.7163630603212892,1.8806137567016648,15,5,3
2084,1.7163630603212892,1.8806137567016648,15,5,3
2085,1.7163630603212892,1.8806137567016648,15,5,3
2086,1.7163630603212892,1.8806137567016648,15,5,3
2087,1.7163630603212892,1.8806137567016648,15,5,3
2088,1.7163630603212892,1.8806137567016648,15,5,3
2089,1.7163630603212892,1.8806137567016648,15,5,3
2090,1.7163630603212892,1.8806137567016648,15,5,3
2091,1.7163630603212892,1.8806137567016648,15,5,3
2092,1.7163630603212892,1.8806137567016648,15,5,3
2093,1.7163630603212892,1.8806137567016648,15,5,3
2094,1.7163630603212892,1.8806137567016648,15,5,3
2095,1.7163630603212892,1.8806137567016648,15,5,3
2096,1.7163630603212892,1.8806137567016648,15,5,3
2097,1.7163630603212892,1.8806137567016648,15,5,3
2098,1.7163630603212892,1.8806137567016648,15,5,3
2099,1.7163630603212892,1.8806137567016648,15,5,3
2100,1.7163630603212892,1.8806137567016648,15,5,3
2101,1.7163630603212892,1.8806137567016648,15,5,3
2102,1.7163630603212892,1.8806137567016648,15,5,3
2103,1.7163630603212892,1.8806137567016648,15,5,3
2104,1.7163630603212892,1.8806137567016648,15,5,3
2105,1.7163630603212892,1.8806137567016648,15,5,3
2106,1.7163630603212892,1.8806137567016648,15,5,3
2107,1.7163630603212892,1.8806137567016648,15,5,3
2108,1.7163630603212892,1.8806137567016648,15,5,3
2109,1.7163630603212892,1.8806137567016648,15,5,3
2110,1.7163630603212892,1.8806137567016648,15,5,3
2111,1.7163630603212892,1.8806137567016648,15,5,3
2112,1.7163630603212892,1.8806137567016648,15,5,3
2113,1.7163630603212892,1.8806137567016648,15,5,3
2114,1.7163630603212892,1.8806137567016648,15,5,3
2115,1.7163630603212892,1.8806137567016648,15,5,3
2116,1.7163630603212892,1.8806137567016648,15,5,3
2117,1.7163630603212892,1.8806137567016648,15,5,3
2118,1.7163630603212892,1.8806137567016648,15,5,3
2119,1.7163630603212892,1.8806137567016648,15,5,3
2120,1.7163630603212892,1.8806137567016648,15,5,3
2121,1.7163630603212892,1.8806137567016648,15,5,3
2122,1.7163630603212892,1.8806137567016648,15,5,3
2123,1.7163630603212892,1.8806137567016648,15,5,3
2124,1.7163630603212892,1.8806137567016648,15,5,3
2125,1.7163630603212892,1.8806137567016648,15,5,3
2126,1.7163630603212892,1.8806137567016648,15,5,3
2127,1.7163630603212892,1.8806137567016648,15,5,3
2128,1.7163630603212892,1.8806137567016648,15,5,3
2129,1.7163630603212892,1.8806137567016648,15,5,3
2130,1.7163630603212892,1.8806137567016648,15,5,3
2131,1.7163630603212892,1.8806137567016648,15,5,3
2132,1.7163630603212892,1.8806137567016648,15,5,3
2133,1.7163630603212892,1.8806137567016648,15,5,3
2134,1.7163630603212892,1.8806137567016648,15,5,3
2135,1.7163630603212892,1.8806137567016648,15,5,3
2136,1.7163630603212892,1.8806137567016648,15,5,3
2137,1.7163630603212892,1.8806137567016648,15,5,3
2138,1.7163630603212892,1.8806137567016648,15,5,3
2139,1.7163630603212892,1.8806137567016648,15,5,3
2140,1.7163630603212892,1.8806137567016648,15,5,3
2141,1.7163630603212892,1.8806137567016648,15,5,3
2142,1.7163630603212892,1.8806137567016648,15,5,3
2143,1.7163630603212892,1.8806137567016648,15,5,3
2144,1.7163630603212892,1.8806137567016648,15,5,3
2145,1.7163630603212892,1.8806137567016648,15,5,3
2146,1.7163630603212892,1.8806137567016648,15,5,3
2147,1.7163630603212892,1.8806137567016648,15,5,3
2148,1.7163630603212892,1.8806137567016648,15,5,3
2149,1.7163630603212892,1.8806137567016648,15,5,3
2150,1.7163630603212892,1.8806137567016648,15,5,3
2151,1.7163630603212892,1.8806137567016648,15,5,3
2152,1.7163630603212892,1.8806137567016648,15,5,3
2153,1.7163630603212892,1.8806137567016648,15,5,3
2154,1.7163630603212892,1.8806137567016648,15,5,3
2155,1.7163630603212892,1.8806137567016648,15,5,3
2156,1.7163630603212892,1.8806137567016648,15,5,3
2157,1.7163630603212892,1.8806137567016648,15,5,3
2158,1.7163630603212892,1.8806137567016648,15,5,3
2159,1.7163630603212892,1.8806137567016648,15,5,3
2160,1.7163630603212892,1.8806137567016648,15,5,3
2161,1.7163630603212892,1.8806137567016648,15,5,3
2162,1.7163630603212892,1.8806137567016648,15,5,3
2163,1.7163630603212892,1.8806137567016648,15,5,3
2164,1.7163630603212892,1.8806137567016648,15,5,3
2165,1.7163630603212892,1.8806137567016648,15,5,3
2166,1.7163630603212892,1.8806137567016648,15,5,3
2167,1.7163630603212892,1.8806137567016648,15,5,3
2168,1.7163630603212892,1.8806137567016648,15,5,3
2169,1.7163630603212892,1.8806137567016648,15,5,3
2170,1.7163630603212892,1.8806137567016648,15,5,3
2171,1.7163630603212892,1.8806137567016648,15,5,3
2172,1.7163630603212892,1.8806137567016648,15,5,3
2173,1.7163630603212892,1.8806137567016648,15,5,3
2174,1.7163630603212892,1.8806137567016648,15,5,3
2175,1.7163630603212892,1.8806137567016648,15,5,3
2176,1.7163630603212892,1.8806137567016648,15,5,3
2177,1.7163630603212892,1.8806137567016648,15,5,3
2178,1.7163630603212892,1.8806137567016648,15,5,3
2179,1.7163630603212892,1.8806137567016648,15,5,3
2180,1.7163630603212892,1.8806137567016648,15,5,3
2181,1.7163630603212892,1.8806137567016648,15,5,3
2182,1.7163630603212892,1.8806137567016648,15,5,3
2183,1.7163630603212892,1.8806137567016648,15,5,3
2184,1.7163630603212892,1.8806137567016648,15,5,3
2185,1.7163630603212892,1.8806137567016648,15,5,3
2186,1.7163630603212892,1.8806137567016648,15,5,3
2187,1.7163630603212892,1.8806137567016648,15,5,3
2188,1.7163630603212892,1.8806137567016648,15,5,3
2189,1.7163630603212892,1.8806137567016648,15,5,3
2190,1.7163630603212892,1.8806137567016648,15,5,3
2191,1.7163630603212892,1.8806137567016648,15,5,3
2192,1.7163630603212892,1.8806137567016648,15,5,3
2193,1.7163630603212892,1.8806137567016648,15,5,3
2194,1.7163630603212892,1.8806137567016648,15,5,3
2195,1.7163630603212892,1.8806137567016648,15,5,3
2196,1.7163630603212892,1.8806137567016648,15,5,3
2197,1.7163630603212892,1.8806137567016648,15,5,3
2198,1.7163630603212892,1.8806137567016648,15,5,3
2199,1.7163630603212892,1.8806137567016648,15,5,3
2200,1.7163630603212892,1.8806137567016648,15,5,3
2201,1.7163630603212892,1.8806137567016648,15,5,3
2202,1.7163630603212892,1.8806137567016648,15,5,3
2203,1.7163630603212892,1.8806137567016648,15,5,3
2204,1.7163630603212892,1.8806137567016648,15,5,3
2205,1.7163630603212892,1.8806137567016648,15,5,3
2206,1.7163630603212892,1.8806137567016648,15,5,3
2207,1.7163630603212892,1.8806137567016648,15,5,3
2208,1.7163630603212892,1.8806137567016648,15,5,3
2209,1.7163630603212892,1.8806137567016648,15,5,3
2210,1.7163630603212892,1.8806137567016648,15,5,3
2211,1.7163630603212892,1.8806137567016648,15,5,3
2212,1.7163630603212892,1.8806137567016648,15,5,3
2213,1.7163630603212892,1.8806137567016648,15,5,3
2214,1.7163630603212892,1.8806137567016648,15,5,3
2215,1.7163630603212892,1.8806137567016648,15,5,3
2216,1.7163630603212892,1.8806137567016648,15,5,3
2217,1.7163630603212892,1.8806137567016648,15,5,3
2218,1.7163630603212892,1.8806137567016648,15,5,3
2219,1.7163630603212892,1.8806137567016648,15,5,3
2220,1.7163630603212892,1.8806137567016648,15,5,3
2221,1.7163630603212892,1.8806137567016648,15,5,3
2222,1.7163630603212892,1.8806137567016648,15,5,3
2223,1.7163630603212892,1.8806137567016648,15,5,3
2224,1.7163630603212892,1.8806137567016648,15,5,3
2225,1.7163630603212892,1.8806137567016648,15,5,3
2226,1.7163630603212892,1.8806137567016648,15,5,3
2227,1.7163630603212892,1.8806137567016648,15,5,3
2228,1.7163630603212892,1.8806137567016648,15,5,3
2229,1.7163630603212892,1.8806137567016648,15,5,3
2230,1.7163630603212892,1.8806137567016648,15,5,3
2231,1.7163630603212892,1.8806137567016648,15,5,3
2232,1.7163630603212892,1.8806137567016648,15,5,3
2233,1.7163630603212892,1.8806137567016648,15,5,3
2234,1.7163630603212892,1.8806137567016648,15,5,3
2235,1.7163630603212892,1.8806137567016648,15,5,3
2236,1.7163630603212892,1.8806137567016648,15,5,3
2237,1.7163630603212892,1.8806137567016648,15,5,3
2238,1.7163630603212892,1.8806137567016648,15,5,3
2239,1.7163630603212892,1.8806137567016648,15,5,3
2240,1.7163630603212892,1.8806137567016648,15,5,3
2241,1.7163630603212892,1.8806137567016648,15,5,3
2242,1.7163630603212892,1.8806137567016648,15,5,3
2243,1.7163630603212892,1.8806137567016648,15,5,3
2244,1.7163630603212892,1.8806137567016648,15,5,3
2245,1.7163630603212892,1.8806137567016648,15,5,3
2246,1.7163630603212892,1.8806137567016648,15,5,3
2247,1.7163630603212892,1.8806137567016648,15,5,3
2248,1.7163630603212892,1.8806137567016648,15,5,3
2249,1.7163630603212892,1.8806137567016648,15,5,3
2250,1.7163630603212892,1.8806137567016648,15,5,3
2251,1.7163630603212892,1.8806137567016648,15,5,3
2252,1.7163630603212892,1.8806137567016648,15,5,3
2253,1.7163630603212892,1.8806137567016648,15,5,3
2254,1.7163630603212892,1.8806137567016648,15,5,3
2255,1.7163630603212892,1.8806137567016648,15,5,3
2256,1.7163630603212892,1.8806137567016648,15,5,3
2257,1.7163630603212892,1.8806137567016648,15,5,3
2258,1.7163630603212892,1.8806137567016648,15,5,3
2259,1.7163630603212892,1.8806137567016648,15,5,3
2260,1.7163630603212892,1.8806137567016648,15,5,3
2261,1.7163630603212892,1.8806137567016648,15,5,3
2262,1.7163630603212892,1.8806137567016648,15,5,3
2263,1.7163630603212892,1.8806137567016648,15,5,3
2264,1.7163630603212892,1.8806137567016648,15,5,3
2265,1.7163630603212892,1.8806137567016648,15,5,3
2266,1.7163630603212892,1.8806137567016648,15,5,3
2267,1.7163630603212892,1.8806137567016648,15,5,3
2268,1.7163630603212892,1.8806137567016648,15,5,3
2269,1.7163630603212892,1.8806137567016648,15,5,3
2270,1.7163630603212892,1.8806137567016648,15,5,3
2271,1.7163630603212892,1.8806137567016648,15,5,3
2272,1.7163630603212892,1.8806137567016648,15,5,3
2273,1.7163630603212892,1.8806137567016648,15,5,3
2274,1.7163630603212892,1.8806137567016648,15,5,3
2275,1.7163630603212892,1.8806137567016648,15,5,3
2276,1.7163630603212892,1.8806137567016648,15,5,3
2277,1.7163630603212892,1.8806137567016648,15,5,3
2278,1.7163630603212892,1.8806137567016648,15,5,3
2279,1.7163630603212892,1.8806137567016648,15,5,3
2280,1.7163630603212892,1.8806137567016648,15,5,3
2281,1.7163630603212892,1.8806137567016648,15,5,3
2282,1.7163630603212892,1.8806137567016648,15,5,3
2283,1.7163630603212892,1.8806137567016648,15,5,3
2284,1.7163630603212892,1.8806137567016648,15,5,3
2285,1.7163630603212892,1.8806137567016648,15,5,3
2286,1.7163630603212892,1.8806137567016648,15,5,3
2287,1.7163630603212892,1.8806137567016648,15,5,3
2288,1.7163630603212892,1.8806137567016648,15,5,3
2289,1.7163630603212892,1.8806137567016648,15,5,3
2290,1.7163630603212892,1.8806137567016648,15,5,3
2291,1.7163630603212892,1.8806137567016648,15,5,3
2292,1.7163630603212892,1.8806137567016648,15,5,3
2293,1.7163630603212892,1.8806137567016648,15,5,3
2294,1.7163630603212892,1.8806137567016648,15,5,3
2295,1.7163630603212892,1.8806137567016648,15,5,3
2296,1.7163630603212892,1.8806137567016648,15,5,3
2297,1.7163630603212892,1.8806137567016648,15,5,3
2298,1.7163630603212892,1.8806137567016648,15,5,3
2299,1.7163630603212892,1.8806137567016648,15,5,3
2300,1.7163630603212892,1.8806137567016648,15,5,3
2301,1.7163630603212892,1.8806137567016648,15,5,3
2302,1.7163630603212892,1.8806137567016648,15,5,3
2303,1.7163630603212892,1.8806137567016648,15,5,3
2304,1.7163630603212892,1.8806137567016648,15,5,3
2305,1.7163630603212892,1.8806137567016648,15,5,3
2306,1.7163630603212892,1.8806137567016648,15,5,3
2307,1.7163630603212892,1.8806137567016648,15,5,3
2308,1.7163630603212892,1.8806137567016648,15,5,3
2309,1.7163630603212892,1.8806137567016648,15,5,3
2310,1.7163630603212892,1.8806137567016648,15,5,3
2311,1.7163630603212892,1.8806137567016648,15,5,3
2312,1.7163630603212892,1.8806137567016648,15,5,3
2313,1.7163630603212892,1.8806137567016648,15,5,3
2314,1.7163630603212892,1.8806137567016648,15,5,3
2315,1.7163630603212892,1.8806137567016648,15,5,3
2316,1.7163630603212892,1.8806137567016648,15,5,3
2317,1.7163630603212892,1.8806137567016648,15,5,3
2318,1.7163630603212892,1.8806137567016648,15,5,3
2319,1.7163630603212892,1.8806137567016648,15,5,3
2320,1.7163630603212892,1.8806137567016648,15,5,3
2321,1.7163630603212892,1.8806137567016648,15,5,3
2322,1.7163630603212892,1.8806137567016648,15,5,3
2323,1.7163630603212892,1.8806137567016648,15,5,3
2324,1.7163630603212892,1.8806137567016648,15,5,3
2325,1.7163630603212892,1.8806137567016648,15,5,3
2326,1.7163630603212892,1.8806137567016648,15,5,3
2327,1.7163630603212892,1.8806137567016648,15,5,3
2328,1.7163630603212892,1.8806137567016648,15,5,3
2329,1.7163630603212892,1.8806137567016648,15,5,3
2330,1.7163630603212892,1.8806137567016648,15,5,3
2331,1.7163630603212892,1.8806137567016648,15,5,3
2332,1.7163630603212892,1.8806137567016648,15,5,3
2333,1.7163630603212892,1.8806137567016648,15,5,3
2334,1.7163630603212892,1.8806137567016648,15,5,3
2335,1.7163630603212892,1.8806137567016648,15,5,3
2336,1.7163630603212892,1.8806137567016648,15,5,3
2337,1.7163630603212892,1.8806137567016648,15,5,3
2338,1.7163630603212892,1.8806137567016648,15,5,3
2339,1.7163630603212892,1.8806137567016648,15,5,3
2340,1.7163630603212892,1.8806137567016648,15,5,3
2341,1.7163630603212892,1.8806137567016648,15,5,3
2342,1.7163630603212892,1.8806137567016648,15,5,3
2343,1.7163630603212892,1.8806137567016648,15,5,3
2344,1.7163630603212892,1.8806137567016648,15,5,3
2345,1.7163630603212892,1.8806137567016648,15,5,3
2346,1.7163630603212892,1.8806137567016648,15,5,3
2347,1.7163630603212892,1.8806137567016648,15,5,3
2348,1.7163630603212892,1.8806137567016648,15,5,3
2349,1.7163630603212892,1.8806137567016648,15,5,3
2350,1.7163630603212892,1.8806137567016648,15,5,3
2351,1.7163630603212892,1.8806137567016648,15,5,3
2352,1.7163630603212892,1.8806137567016648,15,5,3
2353,1.7163630603212892,1.8806137567016648,15,5,3
2354,1.7163630603212892,1.8806137567016648,15,5,3
2355,1.7163630603212892,1.8806137567016648,15,5,3
2356,1.7163630603212892,1.8806137567016648,15,5,3
2357,1.7163630603212892,1.8806137567016648,15,5,3
2358,1.7163630603212892,1.8806137567016648,15,5,3
2359,1.7163630603212892,1.8806137567016648,15,5,3
2360,1.7163630603212892,1.8806137567016648,15,5,3
2361,1.7163630603212892,1.8806137567016648,15,5,3
2362,1.7163630603212892,1.8806137567016648,15,5,3
2363,1.7163630603212892,1.8806137567016648,15,5,3
2364,1.7163630603212892,1.8806137567016648,15,5,3
2365,1.7163630603212892,1.8806137567016648,15,5,3
2366,1.7163630603212892,1.8806137567016648,15,5,3
2367,1.7163630603212892,1.8806137567016648,15,5,3
2368,1.7163630603212892,1.8806137567016648,15,5,3
2369,1.7163630603212892,1.8806137567016648,15,5,3
2370,1.7163630603212892,1.8806137567016648,15,5,3
2371,1.7163630603212892,1.8806137567016648,15,5,3
2372,1.7163630603212892,1.8806137567016648,15,5,3
2373,1.7163630603212892,1.8806137567016648,15,5,3
2374,1.7163630603212892,1.8806137567016648,15,5,3
2375,1.7163630603212892,1.8806137567016648,15,5,3
2376,1.7163630603212892,1.8806137567016648,15,5,3
2377,1.7163630603212892,1.8806137567016648,15,5,3
2378,1.7163630603212892,1.8806137567016648,15,5,3
2379,1.7163630603212892,1.8806137567016648,15,5,3
2380,1.7163630603212892,1.8806137567016648,15,5,3
2381,1.7163630603212892,1.8806137567016648,15,5,3
2382,1.7163630603212892,1.8806137567016648,15,5,3
2383,1.7163630603212892,1.8806137567016648,15,5,3
2384,1.7163630603212892,1.8806137567016648,15,5,3
2385,1.7163630603212892,1.8806137567016648,15,5,3
2386,1.7163630603212892,1.8806137567016648,15,5,3
2387,1.7163630603212892,1.8806137567016648,15,5,3
2388,1.7163630603212892,1.8806137567016648,15,5,3
2389,1.7163630603212892,1.8806137567016648,15,5,3
2390,1.7163630603212892,1.8806137567016648,15,5,3
2391,1.7163630603212892,1.8806137567016648,15,5,3
2392,1.7163630603212892,1.8806137567016648,15,5,3
2393,1.7163630603212892,1.8806137567016648,15,5,3
2394,1.7163630603212892,1.8806137567016648,15,5,3
2395,1.7163630603212892,1.8806137567016648,15,5,3
2396,1.7163630603212892,1.8806137567016648,15,5,3
2397,1.7163630603212892,1.8806137567016648,15,5,3
2398,1.7163630603212892,1.8806137567016648,15,5,3
2399,1.7163630603212892,1.8806137567016648,15,5,3
2400,1.7163630603212892,1.8806137567016648,15,5,3
2401,1.7163630603212892,1.8806137567016648,15,5,3
2402,1.7163630603212892,1.8806137567016648,15,5,3
2403,1.7163630603212892,1.8806137567016648,15,5,3
2404,1.7163630603212892,1.8806137567016648,15,5,3
2405,1.7163630603212892,1.8806137567016648,15,5,3
2406,1.7163630603212892,1.8806137567016648,15,5,3
2407,1.7163630603212892,1.8806137567016648,15,5,3
2408,1.7163630603212892,1.8806137567016648,15,5,3
2409,1.7163630603212892,1.8806137567016648,15,5,3
2410,1.7163630603212892,1.8806137567016648,15,5,3
2411,1.7163630603212892,1.8806137567016648,15,5,3
2412,1.7163630603212892,1.8806137567016648,15,5,3
2413,1.7163630603212892,1.8806137567016648,15,5,3
2414,1.7163630603212892,1.8806137567016648,15,5,3
2415,1.7163630603212892,1.8806137567016648,15,5,3
2416,1.7163630603212892,1.8806137567016648,15,5,3
2417,1.7163630603212892,1.8806137567016648,15,5,3
2418,1.7163630603212892,1.8806137567016648,15,5,3
2419,1.7163630603212892,1.8806137567016648,15,5,3
2420,1.7163630603212892,1.8806137567016648,15,5,3
2421,1.7163630603212892,1.8806137567016648,15,5,3
2422,1.7163630603212892,1.8806137567016648,15,5,3
2423,1.7163630603212892,1.8806137567016648,15,5,3
2424,1.7163630603212892,1.8806137567016648,15,5,3
2425,1.7163630603212892,1.8806137567016648,15,5,3
2426,1.7163630603212892,1.8806137567016648,15,5,3
2427,1.7163630603212892,1.8806137567016648,15,5,3
2428,1.7163630603212892,1.8806137567016648,15,5,3
2429,1.7163630603212892,1.8806137567016648,15,5,3
2430,1.7163630603212892,1.8806137567016648,15,5,3
2431,1.7163630603212892,1.8806137567016648,15,5,3
2432,1.7163630603212892,1.8806137567016648,15,5,3
2433,1.7163630603212892,1.8806137567016648,15,5,3
2434,1.7163630603212892,1.8806137567016648,15,5,3
2435,1.7163630603212892,1.8806137567016648,15,5,3
2436,1.7163630603212892,1.8806137567016648,15,5,3
2437,1.7163630603212892,1.8806137567016648,15,5,3
2438,1.7163630603212892,1.8806137567016648,15,5,3
2439,1.7163630603212892,1.8806137567016648,15,5,3
2440,1.7163630603212892,1.8806137567016648,15,5,3
2441,1.7163630603212892,1.8806137567016648,15,5,3
2442,1.7163630603212892,1.8806137567016648,15,5,3
2443,1.7163630603212892,1.8806137567016648,15,5,3
2444,1.7163630603212892,1.8806137567016648,15,5,3
2445,1.7163630603212892,1.8806137567016648,15,5,3
2446,1.7163630603212892,1.8806137567016648,15,5,3
2447,1.7163630603212892,1.8806137567016648,15,5,3
2448,1.7163630603212892,1.8806137567016648,15,5,3
2449,1.7163630603212892,1.8806137567016648,15,5,3
2450,1.7163630603212892,1.8806137567016648,15,5,3
2451,1.7163630603212892,1.8806137567016648,15,5,3
2452,1.7163630603212892,1.8806137567016648,15,5,3
2453,1.7163630603212892,1.8806137567016648,15,5,3
2454,1.7163630603212892,1.8806137567016648,15,5,3
2455,1.7163630603212892,1.8806137567016648,15,5,3
2456,1.7163630603212892,1.8806137567016648,15,5,3
2457,1.7163630603212892,1.8806137567016648,15,5,3
2458,1.7163630603212892,1.8806137567016648,15,5,3
2459,1.7163630603212892,1.8806137567016648,15,5,3
2460,1.7163630603212892,1.8806137567016648,15,5,3
2461,1.7163630603212892,1.8806137567016648,15,5,3
2462,1.7163630603212892,1.8806137567016648,15,5,3
2463,1.7163630603212892,1.8806137567016648,15,5,3
2464,1.7163630603212892,1.8806137567016648,15,5,3
2465,1.7163630603212892,1.8806137567016648,15,5,3
2466,1.7163630603212892,1.8806137567016648,15,5,3
2467,1.7163630603212892,1.8806137567016648,15,5,3
2468,1.7163630603212892,1.8806137567016648,15,5,3
2469,1.7163630603212892,1.8806137567016648,15,5,3
2470,1.7163630603212892,1.8806137567016648,15,5,3
2471,1.7163630603212892,1.8806137567016648,15,5,3
2472,1.7163630603212892,1.8806137567016648,15,5,3
2473,1.7163630603212892,1.8806137567016648,15,5,3
2474,1.7163630603212892,1.8806137567016648,15,5,3
2475,1.7163630603212892,1.8806137567016648,15,5,3
2476,1.7163630603212892,1.8806137567016648,15,5,3
2477,1.7163630603212892,1.8806137567016648,15,5,3
2478,1.7163630603212892,1.8806137567016648,15,5,3
2479,1.7163630603212892,1.8806137567016648,15,5,3
2480,1.7163630603212892,1.8806137567016648,15,5,3
2481,1.7163630603212892,1.8806137567016648,15,5,3
2482,1.7163630603212892,1.8806137567016648,15,5,3
2483,1.7163630603212892,1.8806137567016648,15,5,3
2484,1.7163630603212892,1.8806137567016648,15,5,3
2485,1.7163630603212892,1.8806137567016648,15,5,3
2486,1.7163630603212892,1.8806137567016648,15,5,3
2487,1.7163630603212892,1.8806137567016648,15,5,3
2488,1.7163630603212892,1.8806137567016648,15,5,3
2489,1.7163630603212892,1.8806137567016648,15,5,3
2490,1.7163630603212892,1.8806137567016648,15,5,3
2491,1.7163630603212892,1.8806137567016648,15,5,3
2492,1.7163630603212892,1.8806137567016648,15,5,3
2493,1.7163630603212892,1.8806137567016648,15,5,3
2494,1.7163630603212892,1.8806137567016648,15,5,3
2495,1.7163630603212892,1.8806137567016648,15,5,3
2496,1.7163630603212892,1.8806137567016648,15,5,3
2497,1.7163630603212892,1.8806137567016648,15,5,3
2498,1.7163630603212892,1.8806137567016648,15,5,3
2499,1.7163630603212892,1.8806137567016648,15,5,3
2500,1.7163630603212892,1.8806137567016648,15,5,3
2501,1.7163630603212892,1.8806137567016648,15,5,3
2502,1.7163630603212892,1.8806137567016648,15,5,3
2503,1.7163630603212892,1.8806137567016648,15,5,3
2504,1.7163630603212892,1.8806137567016648,15,5,3
2505,1.7163630603212892,1.8806137567016648,15,5,3
2506,1.7163630603212892,1.8806137567016648,15,5,3
2507,1.7163630603212892,1.8806137567016648,15,5,3
2508,1.7163630603212892,1.8806137567016648,15,5,3
2509,1.7163630603212892,1.8806137567016648,15,5,3
2510,1.7163630603212892,1.8806137567016648,15,5,3
2511,1.7163630603212892,1.8806137567016648,15,5,3
2512,1.7163630603212892,1.8806137567016648,15,5,3
2513,1.7163630603212892,1.8806137567016648,15,5,3
2514,1.7163630603212892,1.8806137567016648,15,5,3
2515,1.7163630603212892,1.8806137567016648,15,5,3
2516,1.7163630603212892,1.8806137567016648,15,5,3
2517,1.7163630603212892,1.8806137567016648,15,5,3
2518,1.7163630603212892,1.8806137567016648,15,5,3
2519,1.7163630603212892,1.8806137567016648,15,5,3
2520,1.7163630603212892,1.8806137567016648,15,5,3
2521,1.7163630603212892,1.8806137567016648,15,5,3
2522,1.7163630603212892,1.8806137567016648,15,5,3
2523,1.7163630603212892,1.8806137567016648,15,5,3
2524,1.7163630603212892,1.8806137567016648,15,5,3
2525,1.7163630603212892,1.8806137567016648,15,5,3
2526,1.7163630603212892,1.8806137567016648,15,5,3
2527,1.7163630603212892,1.8806137567016648,15,5,3
2528,1.7163630603212892,1.8806137567016648,15,5,3
2529,1.7163630603212892,1.8806137567016648,15,5,3
2530,1.7163630603212892,1.8806137567016648,15,5,3
2531,1.7163630603212892,1.8806137567016648,15,5,3
2532,1.7163630603212892,1.8806137567016648,15,5,3
2533,1.7163630603212892,1.8806137567016648,15,5,3
2534,1.7163630603212892,1.8806137567016648,15,5,3
2535,1.7163630603212892,1.8806137567016648,15,5,3
2536,1.7163630603212892,1.8806137567016648,15,5,3
2537,1.7163630603212892,1.8806137567016648,15,5,3
2538,1.7163630603212892,1.8806137567016648,15,5,3
2539,1.7163630603212892,1.8806137567016648,15,5,3
2540,1.7163630603212892,1.8806137567016648,15,5,3
2541,1.7163630603212892,1.8806137567016648,15,5,3
2542,1.7163630603212892,1.8806137567016648,15,5,3
2543,1.7163630603212892,1.8806137567016648,15,5,3
2544,1.7163630603212892,1.8806137567016648,15,5,3
2545,1.7163630603212892,1.8806137567016648,15,5,3
2546,1.7163630603212892,1.8806137567016648,15,5,3
2547,1.7163630603212892,1.8806137567016648,15,5,3
2548,1.7163630603212892,1.8806137567016648,15,5,3
2549,1.7163630603212892,1.8806137567016648,15,5,3
2550,1.7163630603212892,1.8806137567016648,15,5,3
2551,1.7163630603212892,1.8806137567016648,15,5,3
2552,1.7163630603212892,1.8806137567016648,15,5,3
2553,1.7163630603212892,1.8806137567016648,15,5,3
2554,1.7163630603212892,1.8806137567016648,15,5,3
2555,1.7163630603212892,1.8806137567016648,15,5,3
2556,1.7163630603212892,1.8806137567016648,15,5,3
2557,1.7163630603212892,1.8806137567016648,15,5,3
2558,1.7163630603212892,1.8806137567016648,15,5,3
2559,1.7163630603212892,1.8806137567016648,15,5,3
2560,1.7163630603212892,1.8806137567016648,15,5,3
2561,1.7163630603212892,1.8806137567016648,15,5,3
2562,1.7163630603212892,1.8806137567016648,15,5,3
2563,1.7163630603212892,1.8806137567016648,15,5,3
2564,1.7163630603212892,1.8806137567016648,15,5,3
2565,1.7163630603212892,1.8806137567016648,15,5,3
2566,1.7163630603212892,1.8806137567016648,15,5,3
2567,1.7163630603212892,1.8806137567016648,15,5,3
2568,1.7163630603212892,1.8806137567016648,15,5,3
2569,1.7163630603212892,1.8806137567016648,15,5,3
2570,1.7163630603212892,1.8806137567016648,15,5,3
2571,1.7163630603212892,1.8806137567016648,15,5,3
2572,1.7163630603212892,1.8806137567016648,15,5,3
2573,1.7163630603212892,1.8806137567016648,15,5,3
2574,1.7163630603212892,1.8806137567016648,15,5,3
2575,1.7163630603212892,1.8806137567016648,15,5,3
2576,1.7163630603212892,1.8806137567016648,15,5,3
2577,1.7163630603212892,1.8806137567016648,15,5,3
2578,1.7163630603212892,1.8806137567016648,15,5,3
2579,1.7163630603212892,1.8806137567016648,15,5,3
2580,1.7163630603212892,1.8806137567016648,15,5,3
2581,1.7163630603212892,1.8806137567016648,15,5,3
2582,1.7163630603212892,1.8806137567016648,15,5,3
2583,1.7163630603212892,1.8806137567016648,15,5,3
2584,1.7163630603212892,1.8806137567016648,15,5,3
2585,1.7163630603212892,1.8806137567016648,15,5,3
2586,1.7163630603212892,1.8806137567016648,15,5,3
2587,1.7163630603212892,1.8806137567016648,15,5,3
2588,1.7163630603212892,1.8806137567016648,15,5,3
2589,1.7163630603212892,1.8806137567016648,15,5,3
2590,1.7163630603212892,1.8806137567016648,15,5,3
2591,1.7163630603212892,1.8806137567016648,15,5,3
2592,1.7163630603212892,1.8806137567016648,15,5,3
2593,1.7163630603212892,1.8806137567016648,15,5,3
2594,1.7163630603212892,1.8806137567016648,15,5,3
2595,1.7163630603212892,1.8806137567016648,15,5,3
2596,1.7163630603212892,1.8806137567016648,15,5,3
2597,1.7163630603212892,1.8806137567016648,15,5,3
2598,1.7163630603212892,1.8806137567016648,15,5,3
2599,1.7163630603212892,1.8806137567016648,15,5,3
2600,1.7163630603212892,1.8806137567016648,15,5,3
2601,1.7163630603212892,1.8806137567016648,15,5,3
2602,1.7163630603212892,1.8806137567016648,15,5,3
2603,1.7163630603212892,1.8806137567016648,15,5,3
2604,1.7163630603212892,1.8806137567016648,15,5,3
2605,1.7163630603212892,1.8806137567016648,15,5,3
2606,1.7163630603212892,1.8806137567016648,15,5,3
2607,1.7163630603212892,1.8806137567016648,15,5,3
2608,1.7163630603212892,1.8806137567016648,15,5,3
2609,1.7163630603212892,1.8806137567016648,15,5,3
2610,1.7163630603212892,1.8806137567016648,15,5,3
2611,1.7163630603212892,1.8806137567016648,15,5,3
2612,1.7163630603212892,1.8806137567016648,15,5,3
2613,1.7163630603212892,1.8806137567016648,15,5,3
2614,1.7163630603212892,1.8806137567016648,15,5,3
2615,1.7163630603212892,1.8806137567016648,15,5,3
2616,1.7163630603212892,1.8806137567016648,15,5,3
2617,1.7163630603212892,1.8806137567016648,15,5,3
2618,1.7163630603212892,1.8806137567016648,15,5,3
2619,1.7163630603212892,1.8806137567016648,15,5,3
2620,1.7163630603212892,1.8806137567016648,15,5,3
2621,1.7163630603212892,1.8806137567016648,15,5,3
2622,1.7163630603212892,1.8806137567016648,15,5,3
2623,1.7163630603212892,1.8806137567016648,15,5,3
2624,1.7163630603212892,1.8806137567016648,15,5,3
2625,1.7163630603212892,1.8806137567016648,15,5,3
2626,1.7163630603212892,1.8806137567016648,15,5,3
2627,1.7163630603212892,1.8806137567016648,15,5,3
2628,1.7163630603212892,1.8806137567016648,15,5,3
2629,1.7163630603212892,1.8806137567016648,15,5,3
2630,1.7163630603212892,1.8806137567016648,15,5,3
2631,1.7163630603212892,1.8806137567016648,15,5,3
2632,1.7163630603212892,1.8806137567016648,15,5,3
2633,1.7163630603212892,1.8806137567016648,15,5,3
2634,1.7163630603212892,1.8806137567016648,15,5,3
2635,1.7163630603212892,1.8806137567016648,15,5,3
2636,1.7163630603212892,1.8806137567016648,15,5,3
2637,1.7163630603212892,1.8806137567016648,15,5,3
2638,1.7163630603212892,1.8806137567016648,15,5,3
2639,1.7163630603212892,1.8806137567016648,15,5,3
2640,1.7163630603212892,1.8806137567016648,15,5,3
2641,1.7163630603212892,1.8806137567016648,15,5,3
2642,1.7163630603212892,1.8806137567016648,15,5,3
2643,1.7163630603212892,1.8806137567016648,15,5,3
2644,1.7163630603212892,1.8806137567016648,15,5,3
2645,1.7163630603212892,1.8806137567016648,15,5,3
2646,1.7163630603212892,1.8806137567016648,15,5,3
2647,1.7163630603212892,1.8806137567016648,15,5,3
2648,1.7163630603212892,1.8806137567016648,15,5,3
2649,1.7163630603212892,1.8806137567016648,15,5,3
2650,1.7163630603212892,1.8806137567016648,15,5,3
2651,1.7163630603212892,1.8806137567016648,15,5,3
2652,1.7163630603212892,1.8806137567016648,15,5,3
2653,1.7163630603212892,1.8806137567016648,15,5,3
2654,1.7163630603212892,1.8806137567016648,15,5,3
2655,1.7163630603212892,1.8806137567016648,15,5,3
2656,1.7163630603212892,1.8806137567016648,15,5,3
2657,1.7163630603212892,1.8806137567016648,15,5,3
2658,1.7163630603212892,1.8806137567016648,15,5,3
2659,1.7163630603212892,1.8806137567016648,15,5,3
2660,1.7163630603212892,1.8806137567016648,15,5,3
2661,1.7163630603212892,1.8806137567016648,15,5,3
2662,1.7163630603212892,1.8806137567016648,15,5,3
2663,1.7163630603212892,1.8806137567016648,15,5,3
2664,1.7163630603212892,1.8806137567016648,15,5,3
2665,1.7163630603212892,1.8806137567016648,15,5,3
2666,1.7163630603212892,1.8806137567016648,15,5,3
2667,1.7163630603212892,1.8806137567016648,15,5,3
2668,1.7163630603212892,1.8806137567016648,15,5,3
2669,1.7163630603212892,1.8806137567016648,15,5,3
2670,1.7163630603212892,1.8806137567016648,15,5,3
2671,1.7163630603212892,1.8806137567016648,15,5,3
2672,1.7163630603212892,1.8806137567016648,15,5,3
2673,1.7163630603212892,1.8806137567016648,15,5,3
2674,1.7163630603212892,1.8806137567016648,15,5,3
2675,1.7163630603212892,1.8806137567016648,15,5,3
2676,1.7163630603212892,1.8806137567016648,15,5,3
2677,1.7163630603212892,1.8806137567016648,15,5,3
2678,1.7163630603212892,1.8806137567016648,15,5,3
2679,1.7163630603212892,1.8806137567016648,15,5,3
2680,1.7163630603212892,1.8806137567016648,15,5,3
2681,1.7163630603212892,1.8806137567016648,15,5,3
2682,1.7163630603212892,1.8806137567016648,15,5,3
2683,1.7163630603212892,1.8806137567016648,15,5,3
2684,1.7163630603212892,1.8806137567016648,15,5,3
2685,1.7163630603212892,1.8806137567016648,15,5,3
2686,1.7163630603212892,1.8806137567016648,15,5,3
2687,1.7163630603212892,1.8806137567016648,15,5,3
2688,1.7163630603212892,1.8806137567016648,15,5,3
2689,1.7163630603212892,1.8806137567016648,15,5,3
2690,1.7163630603212892,1.8806137567016648,15,5,3
2691,1.7163630603212892,1.8806137567016648,15,5,3
2692,1.7163630603212892,1.8806137567016648,15,5,3
2693,1.7163630603212892,1.8806137567016648,15,5,3
2694,1.7163630603212892,1.8806137567016648,15,5,3
2695,1.7163630603212892,1.8806137567016648,15,5,3
2696,1.7163630603212892,1.8806137567016648,15,5,3
2697,1.7163630603212892,1.8806137567016648,15,5,3
2698,1.7163630603212892,1.8806137567016648,15,5,3
2699,1.7163630603212892,1.8806137567016648,15,5,3
2700,1.7163630603212892,1.8806137567016648,15,5,3
2701,1.7163630603212892,1.8806137567016648,15,5,3
2702,1.7163630603212892,1.8806137567016648,15,5,3
2703,1.7163630603212892,1.8806137567016648,15,5,3
2704,1.7163630603212892,1.8806137567016648,15,5,3
2705,1.7163630603212892,1.8806137567016648,15,5,3
2706,1.7163630603212892,1.8806137567016648,15,5,3
2707,1.7163630603212892,1.8806137567016648,15,5,3
2708,1.7163630603212892,1.8806137567016648,15,5,3
2709,1.7163630603212892,1.8806137567016648,15,5,3
2710,1.7163630603212892,1.8806137567016648,15,5,3
2711,1.7163630603212892,1.8806137567016648,15,5,3
2712,1.7163630603212892,1.8806137567016648,15,5,3
2713,1.7163630603212892,1.8806137567016648,15,5,3
2714,1.7163630603212892,1.8806137567016648,15,5,3
2715,1.7163630603212892,1.8806137567016648,15,5,3
2716,1.7163630603212892,1.8806137567016648,15,5,3
2717,1.7163630603212892,1.8806137567016648,15,5,3
2718,1.7163630603212892,1.8806137567016648,15,5,3
2719,1.7163630603212892,1.8806137567016648,15,5,3
2720,1.7163630603212892,1.8806137567016648,15,5,3
2721,1.7163630603212892,1.8806137567016648,15,5,3
2722,1.7163630603212892,1.8806137567016648,15,5,3
2723,1.7163630603212892,1.8806137567016648,15,5,3
2724,1.7163630603212892,1.8806137567016648,15,5,3
2725,1.7163630603212892,1.8806137567016648,15,5,3
2726,1.7163630603212892,1.8806137567016648,15,5,3
2727,1.7163630603212892,1.8806137567016648,15,5,3
2728,1.7163630603212892,1.8806137567016648,15,5,3
2729,1.7163630603212892,1.8806137567016648,15,5,3
2730,1.7163630603212892,1.8806137567016648,15,5,3
2731,1.7163630603212892,1.8806137567016648,15,5,3
2732,1.7163630603212892,1.8806137567016648,15,5,3
2733,1.7163630603212892,1.8806137567016648,15,5,3
2734,1.7163630603212892,1.8806137567016648,15,5,3
2735,1.7163630603212892,1.8806137567016648,15,5,3
2736,1.7163630603212892,1.8806137567016648,15,5,3
2737,1.7163630603212892,1.8806137567016648,15,5,3
2738,1.7163630603212892,1.8806137567016648,15,5,3
2739,1.7163630603212892,1.8806137567016648,15,5,3
2740,1.7163630603212892,1.8806137567016648,15,5,3
2741,1.7163630603212892,1.8806137567016648,15,5,3
2742,1.7163630603212892,1.8806137567016648,15,5,3
2743,1.7163630603212892,1.8806137567016648,15,5,3
2744,1.7163630603212892,1.8806137567016648,15,5,3
2745,1.7163630603212892,1.8806137567016648,15,5,3
2746,1.7163630603212892,1.8806137567016648,15,5,3
2747,1.7163630603212892,1.8806137567016648,15,5,3
2748,1.7163630603212892,1.8806137567016648,15,5,3
2749,1.7163630603212892,1.8806137567016648,15,5,3
2750,1.7163630603212892,1.8806137567016648,15,5,3
2751,1.7163630603212892,1.8806137567016648,15,5,3
2752,1.7163630603212892,1.8806137567016648,15,5,3
2753,1.7163630603212892,1.8806137567016648,15,5,3
2754,1.7163630603212892,1.8806137567016648,15,5,3
2755,1.7163630603212892,1.8806137567016648,15,5,3
2756,1.7163630603212892,1.8806137567016648,15,5,3
2757,1.7163630603212892,1.8806137567016648,15,5,3
2758,1.7163630603212892,1.8806137567016648,15,5,3
2759,1.7163630603212892,1.8806137567016648,15,5,3
2760,1.7163630603212892,1.8806137567016648,15,5,3
2761,1.7163630603212892,1.8806137567016648,15,5,3
2762,1.7163630603212892,1.8806137567016648,15,5,3
2763,1.7163630603212892,1.8806137567016648,15,5,3
2764,1.7163630603212892,1.8806137567016648,15,5,3
2765,1.7163630603212892,1.8806137567016648,15,5,3
2766,1.7163630603212892,1.8806137567016648,15,5,3
2767,1.7163630603212892,1.8806137567016648,15,5,3
2768,1.7163630603212892,1.8806137567016648,15,5,3
2769,1.7163630603212892,1.8806137567016648,15,5,3
2770,1.7163630603212892,1.8806137567016648,15,5,3
2771,1.7163630603212892,1.8806137567016648,15,5,3
2772,1.7163630603212892,1.8806137567016648,15,5,3
2773,1.7163630603212892,1.8806137567016648,15,5,3
2774,1.7163630603212892,1.8806137567016648,15,5,3
2775,1.7163630603212892,1.8806137567016648,15,5,3
2776,1.7163630603212892,1.8806137567016648,15,5,3
2777,1.7163630603212892,1.8806137567016648,15,5,3
2778,1.7163630603212892,1.8806137567016648,15,5,3
2779,1.7163630603212892,1.8806137567016648,15,5,3
2780,1.7163630603212892,1.8806137567016648,15,5,3
2781,1.7163630603212892,1.8806137567016648,15,5,3
2782,1.7163630603212892,1.8806137567016648,15,5,3
2783,1.7163630603212892,1.8806137567016648,15,5,3
2784,1.7163630603212892,1.8806137567016648,15,5,3
2785,1.7163630603212892,1.8806137567016648,15,5,3
2786,1.7163630603212892,1.8806137567016648,15,5,3
2787,1.7163630603212892,1.8806137567016648,15,5,3
2788,1.7163630603212892,1.8806137567016648,15,5,3
2789,1.7163630603212892,1.8806137567016648,15,5,3
2790,1.7163630603212892,1.8806137567016648,15,5,3
2791,1.7163630603212892,1.8806137567016648,15,5,3
2792,1.7163630603212892,1.8806137567016648,15,5,3
2793,1.7163630603212892,1.8806137567016648,15,5,3
2794,1.7163630603212892,1.8806137567016648,15,5,3
2795,1.7163630603212892,1.8806137567016648,15,5,3
2796,1.7163630603212892,1.8806137567016648,15,5,3
2797,1.7163630603212892,1.8806137567016648,15,5,3
2798,1.7163630603212892,1.8806137567016648,15,5,3
2799,1.7163630603212892,1.8806137567016648,15,5,3
2800,1.7163630603212892,1.8806137567016648,15,5,3
2801,1.7163630603212892,1.8806137567016648,15,5,3
2802,1.7163630603212892,1.8806137567016648,15,5,3
2803,1.7163630603212892,1.8806137567016648,15,5,3
2804,1.7163630603212892,1.8806137567016648,15,5,3
2805,1.7163630603212892,1.8806137567016648,15,5,3
2806,1.7163630603212892,1.8806137567016648,15,5,3
2807,1.7163630603212892,1.8806137567016648,15,5,3
2808,1.7163630603212892,1.8806137567016648,15,5,3
2809,1.7163630603212892,1.8806137567016648,15,5,3
2810,1.7163630603212892,1.8806137567016648,15,5,3
2811,1.7163630603212892,1.8806137567016648,15,5,3
2812,1.7163630603212892,1.8806137567016648,15,5,3
2813,1.7163630603212892,1.8806137567016648,15,5,3
2814,1.7163630603212892,1.8806137567016648,15,5,3
2815,1.7163630603212892,1.8806137567016648,15,5,3
2816,1.7163630603212892,1.8806137567016648,15,5,3
2817,1.7163630603212892,1.8806137567016648,15,5,3
2818,1.7163630603212892,1.8806137567016648,15,5,3
2819,1.7163630603212892,1.8806137567016648,15,5,3
2820,1.7163630603212892,1.8806137567016648,15,5,3
2821,1.7163630603212892,1.8806137567016648,15,5,3
2822,1.7163630603212892,1.8806137567016648,15,5,3
2823,1.7163630603212892,1.8806137567016648,15,5,3
2824,1.7163630603212892,1.8806137567016648,15,5,3
2825,1.7163630603212892,1.8806137567016648,15,5,3
2826,1.7163630603212892,1.8806137567016648,15,5,3
2827,1.7163630603212892,1.8806137567016648,15,5,3
2828,1.7163630603212892,1.8806137567016648,15,5,3
2829,1.7163630603212892,1.8806137567016648,15,5,3
2830,1.7163630603212892,1.8806137567016648,15,5,3
2831,1.7163630603212892,1.8806137567016648,15,5,3
2832,1.7163630603212892,1.8806137567016648,15,5,3
2833,1.7163630603212892,1.8806137567016648,15,5,3
2834,1.7163630603212892,1.8806137567016648,15,5,3
2835,1.7163630603212892,1.8806137567016648,15,5,3
2836,1.7163630603212892,1.8806137567016648,15,5,3
2837,1.7163630603212892,1.8806137567016648,15,5,3
2838,1.7163630603212892,1.8806137567016648,15,5,3
2839,1.7163630603212892,1.8806137567016648,15,5,3
2840,1.7163630603212892,1.8806137567016648,15,5,3
2841,1.7163630603212892,1.8806137567016648,15,5,3
2842,1.7163630603212892,1.8806137567016648,15,5,3
2843,1.7163630603212892,1.8806137567016648,15,5,3
2844,1.7163630603212892,1.8806137567016648,15,5,3
2845,1.7163630603212892,1.8806137567016648,15,5,3
2846,1.7163630603212892,1.8806137567016648,15,5,3
2847,1.7163630603212892,1.8806137567016648,15,5,3
2848,1.7163630603212892,1.8806137567016648,15,5,3
2849,1.7163630603212892,1.8806137567016648,15,5,3
2850,1.7163630603212892,1.8806137567016648,15,5,3
2851,1.7163630603212892,1.8806137567016648,15,5,3
2852,1.7163630603212892,1.8806137567016648,15,5,3
2853,1.7163630603212892,1.8806137567016648,15,5,3
2854,1.7163630603212892,1.8806137567016648,15,5,3
2855,1.7163630603212892,1.8806137567016648,15,5,3
2856,1.7163630603212892,1.8806137567016648,15,5,3
2857,1.7163630603212892,1.8806137567016648,15,5,3
2858,1.7163630603212892,1.8806137567016648,15,5,3
2859,1.7163630603212892,1.8806137567016648,15,5,3
2860,1.7163630603212892,1.8806137567016648,15,5,3
2861,1.7163630603212892,1.8806137567016648,15,5,3
2862,1.7163630603212892,1.8806137567016648,15,5,3
2863,1.7163630603212892,1.8806137567016648,15,5,3
2864,1.7163630603212892,1.8806137567016648,15,5,3
2865,1.7163630603212892,1.8806137567016648,15,5,3
2866,1.7163630603212892,1.8806137567016648,15,5,3
2867,1.7163630603212892,1.8806137567016648,15,5,3
2868,1.7163630603212892,1.8806137567016648,15,5,3
2869,1.7163630603212892,1.8806137567016648,15,5,3
2870,1.7163630603212892,1.8806137567016648,15,5,3
2871,1.7163630603212892,1.8806137567016648,15,5,3
2872,1.7163630603212892,1.8806137567016648,15,5,3
2873,1.7163630603212892,1.8806137567016648,15,5,3
2874,1.7163630603212892,1.8806137567016648,15,5,3
2875,1.7163630603212892,1.8806137567016648,15,5,3
2876,1.7163630603212892,1.8806137567016648,15,5,3
2877,1.7163630603212892,1.8806137567016648,15,5,3
2878,1.7163630603212892,1.8806137567016648,15,5,3
2879,1.7163630603212892,1.8806137567016648,15,5,3
2880,1.7163630603212892,1.8806137567016648,15,5,3
2881,1.7163630603212892,1.8806137567016648,15,5,3
2882,1.7163630603212892,1.8806137567016648,15,5,3
2883,1.7163630603212892,1.8806137567016648,15,5,3
2884,1.7163630603212892,1.8806137567016648,15,5,3
2885,1.7163630603212892,1.8806137567016648,15,5,3
2886,1.7163630603212892,1.8806137567016648,15,5,3
2887,1.7163630603212892,1.8806137567016648,15,5,3
2888,1.7163630603212892,1.8806137567016648,15,5,3
2889,1.7163630603212892,1.8806137567016648,15,5,3
2890,1.7163630603212892,1.8806137567016648,15,5,3
2891,1.7163630603212892,1.8806137567016648,15,5,3
2892,1.7163630603212892,1.8806137567016648,15,5,3
2893,1.7163630603212892,1.8806137567016648,15,5,3
2894,1.7163630603212892,1.8806137567016648,15,5,3
2895,1.7163630603212892,1.8806137567016648,15,5,3
2896,1.7163630603212892,1.8806137567016648,15,5,3
2897,1.7163630603212892,1.8806137567016648,15,5,3
2898,1.7163630603212892,1.8806137567016648,15,5,3
2899,1.7163630603212892,1.8806137567016648,15,5,3
2900,1.7163630603212892,1.8806137567016648,15,5,3
2901,1.7163630603212892,1.8806137567016648,15,5,3
2902,1.7163630603212892,1.8806137567016648,15,5,3
2903,1.7163630603212892,1.8806137567016648,15,5,3
2904,1.7163630603212892,1.8806137567016648,15,5,3
2905,1.7163630603212892,1.8806137567016648,15,5,3
2906,1.7163630603212892,1.8806137567016648,15,5,3
2907,1.7163630603212892,1.8806137567016648,15,5,3
2908,1.7163630603212892,1.8806137567016648,15,5,3
2909,1.7163630603212892,1.8806137567016648,15,5,3
2910,1.7163630603212892,1.8806137567016648,15,5,3
2911,1.7163630603212892,1.8806137567016648,15,5,3
2912,1.7163630603212892,1.8806137567016648,15,5,3
2913,1.7163630603212892,1.8806137567016648,15,5,3
2914,1.7163630603212892,1.8806137567016648,15,5,3
2915,1.7163630603212892,1.8806137567016648,15,5,3
2916,1.7163630603212892,1.8806137567016648,15,5,3
2917,1.7163630603212892,1.8806137567016648,15,5,3
2918,1.7163630603212892,1.8806137567016648,15,5,3
2919,1.7163630603212892,1.8806137567016648,15,5,3
2920,1.7163630603212892,1.8806137567016648,15,5,3
2921,1.7163630603212892,1.8806137567016648,15,5,3
2922,1.7163630603212892,1.8806137567016648,15,5,3
2923,1.7163630603212892,1.8806137567016648,15,5,3
2924,1.7163630603212892,1.8806137567016648,15,5,3
2925,1.7163630603212892,1.8806137567016648,15,5,3
2926,1.7163630603212892,1.8806137567016648,15,5,3
2927,1.7163630603212892,1.8806137567016648,15,5,3
2928,1.7163630603212892,1.8806137567016648,15,5,3
2929,1.7163630603212892,1.8806137567016648,15,5,3
2930,1.7163630603212892,1.8806137567016648,15,5,3
2931,1.7163630603212892,1.8806137567016648,15,5,3
2932,1.7163630603212892,1.8806137567016648,15,5,3
2933,1.7163630603212892,1.8806137567016648,15,5,3
2934,1.7163630603212892,1.8806137567016648,15,5,3
2935,1.7163630603212892,1.8806137567016648,15,5,3
2936,1.7163630603212892,1.8806137567016648,15,5,3
2937,1.7163630603212892,1.8806137567016648,15,5,3
2938,1.7163630603212892,1.8806137567016648,15,5,3
2939,1.7163630603212892,1.8806137567016648,15,5,3
2940,1.7163630603212892,1.8806137567016648,15,5,3
2941,1.7163630603212892,1.8806137567016648,15,5,3
2942,1.7163630603212892,1.8806137567016648,15,5,3
2943,1.7163630603212892,1.8806137567016648,15,5,3
2944,1.7163630603212892,1.8806137567016648,15,5,3
2945,1.7163630603212892,1.8806137567016648,15,5,3
2946,1.7163630603212892,1.8806137567016648,15,5,3
2947,1.7163630603212892,1.8806137567016648,15,5,3
2948,1.7163630603212892,1.8806137567016648,15,5,3
2949,1.7163630603212892,1.8806137567016648,15,5,3
2950,1.7163630603212892,1.8806137567016648,15,5,3
2951,1.7163630603212892,1.8806137567016648,15,5,3
2952,1.7163630603212892,1.8806137567016648,15,5,3
2953,1.7163630603212892,1.8806137567016648,15,5,3
2954,1.7163630603212892,1.8806137567016648,15,5,3
2955,1.7163630603212892,1.8806137567016648,15,5,3
2956,1.7163630603212892,1.8806137567016648,15,5,3
2957,1.7163630603212892,1.8806137567016648,15,5,3
2958,1.7163630603212892,1.8806137567016648,15,5,3
2959,1.7163630603212892,1.8806137567016648,15,5,3
2960,1.7163630603212892,1.8806137567016648,15,5,3
2961,1.7163630603212892,1.8806137567016648,15,5,3
2962,1.7163630603212892,1.8806137567016648,15,5,3
2963,1.7163630603212892,1.8806137567016648,15,5,3
2964,1.7163630603212892,1.8806137567016648,15,5,3
2965,1.7163630603212892,1.8806137567016648,15,5,3
2966,1.7163630603212892,1.8806137567016648,15,5,3
2967,1.7163630603212892,1.8806137567016648,15,5,3
2968,1.7163630603212892,1.8806137567016648,15,5,3
2969,1.7163630603212892,1.8806137567016648,15,5,3
2970,1.7163630603212892,1.8806137567016648,15,5,3
2971,1.7163630603212892,1.8806137567016648,15,5,3
2972,1.7163630603212892,1.8806137567016648,15,5,3
2973,1.7163630603212892,1.8806137567016648,15,5,3
2974,1.7163630603212892,1.8806137567016648,15,5,3
2975,1.7163630603212892,1.8806137567016648,15,5,3
2976,1.7163630603212892,1.8806137567016648,15,5,3
2977,1.7163630603212892,1.8806137567016648,15,5,3
2978,1.7163630603212892,1.8806137567016648,15,5,3
2979,1.7163630603212892,1.8806137567016648,15,5,3
2980,1.7163630603212892,1.8806137567016648,15,5,3
2981,1.7163630603212892,1.8806137567016648,15,5,3
2982,1.7163630603212892,1.8806137567016648,15,5,3
2983,1.7163630603212892,1.8806137567016648,15,5,3
2984,1.7163630603212892,1.8806137567016648,15,5,3
2985,1.7163630603212892,1.8806137567016648,15,5,3
2986,1.7163630603212892,1.8806137567016648,15,5,3
2987,1.7163630603212892,1.8806137567016648,15,5,3
2988,1.7163630603212892,1.8806137567016648,15,5,3
2989,1.7163630603212892,1.8806137567016648,15,5,3
2990,1.7163630603212892,1.8806137567016648,15,5,3
2991,1.7163630603212892,1.8806137567016648,15,5,3
2992,1.7163630603212892,1.8806137567016648,15,5,3
2993,1.7163630603212892,1.8806137567016648,15,5,3
2994,1.7163630603212892,1.8806137567016648,15,5,3
2995,1.7163630603212892,1.8806137567016648,15,5,3
2996,1.7163630603212892,1.8806137567016648,15,5,3
2997,1.7163630603212892,1.8806137567016648,15,5,3
2998,1.7163630603212892,1.8806137567016648,15,5,3
2999,1.7163630603212892,1.8806137567016648,15,5,3
3000,1.7163630603212892,1.8806137567016648,15,5,3
